11.212183
79.694336
7.4896054
38.514286
64.7567
38.49531
94.87096
97.444595
29.622948
26.276293
96.522415
14.331185
10.154273
51.21191
65.0313
82.53929
35.863464
93.08068
12.234052
65.818275
78.0896
69.44978
21.904465
82.68478
31.729116
17.97826
28.479708
82.6732
90.81573
39.99632
71.65561
71.66186
91.88018
39.75256
54.3911
91.16778
54.869503
13.6155
32.123306
24.334837
21.045923
99.52144
21.45443
11.218347
29.237228
72.81288
26.930735
77.81517
12.048454
96.16732
91.52273
47.997524
43.111687
17.053251
59.717735
28.998579
3.3822587
68.35128
21.876186
84.42208
70.851616
82.81849
40.582565
63.37667
26.224787
64.59096
13.938413
83.940346
77.75922
53.247143
1.8307221
60.820328
91.14479
25.272839
45.34851
95.58574
80.20129
49.24707
40.936417
18.232384
29.052061
35.49591
73.961296
1.4207989
34.53685
49.49769
18.066525
56.548298
60.370117
65.90422
55.24261
4.245248
28.34799
1.6116195
78.03276
30.70577
4.6313853
20.92391
58.119785
13.767684
63.30334
76.37349
45.012836
20.215853
50.83378
91.84066
88.45673
47.168736
40.03229
95.10546
92.540955
82.1036
40.00615
63.685993
26.613163
1.7256719
18.142174
90.54425
26.600925
95.65325
15.50426
18.368767
45.384785
82.795845
94.4095
83.66891
10.506679
34.75745
63.52597
3.2970507
69.794075
43.97773
86.836235
38.881752
85.51896
93.57135
82.806335
41.791283
91.944244
18.762892
72.780235
78.12821
99.71877
90.35583
64.80854
55.11323
55.66431
70.5554
12.690449
37.25222
40.82046
5.8357353
37.73747
89.09921
23.42651
18.819538
70.615875
53.39958
83.48937
83.537224
67.8596
57.499542
98.26242
63.528355
50.593655
50.080883
39.529354
73.51226
94.24957
13.164072
20.71195
36.448086
17.182528
14.615874
85.615005
71.629425
84.04982
83.46274
95.75981
5.617951
21.807188
34.834484
4.0730085
56.433163
36.770992
17.36814
90.746155
12.966698
9.667824
91.78951
29.763462
23.756634
78.16442
24.932602
65.60387
40.656277
95.59349
54.316795
33.76551
26.956131
2.9411793
52.18239
25.025436
62.871483
28.338522
6.100577
23.98839
88.401695
3.7446587
73.17986
54.149803
98.029945
51.89173
15.865045
86.243324
71.45341
1.1418427
14.445013
34.597126
77.310555
5.681226
64.57951
78.34114
95.72847
57.53385
70.63983
40.16259
85.71453
7.0012364
78.51678
10.353768
17.593594
2.8242059
78.25309
91.84717
68.667305
80.697876
24.007767
61.061317
98.58333
56.617687
98.12028
11.798454
87.37109
13.71583
53.99528
57.183533
95.20925
96.76258
65.961494
12.969311
61.9313
32.183407
36.661278
44.850597
57.804516
51.256283
29.299019
84.515884
38.088684
94.00965
48.269222
11.400123
64.669785
34.36701
98.25285
4.14291
71.98423
21.698647
45.91196
49.79438
45.555996
48.09857
75.35156
24.627525
45.843113
86.543465
93.602844
60.96237
37.94939
16.341112
60.93186
6.322837
74.94148
29.598692
77.80648
64.64717
34.867386
2.1731143
4.9032593
39.568996
1.4807411
12.605504
55.009785
61.96553
73.97986
76.80392
51.392174
39.51153
32.395176
18.651457
88.86004
74.18323
82.159035
19.141098
75.50713
7.7921
33.027298
40.195137
98.25681
12.638057
22.645527
28.693016
92.4268
85.233086
8.565766
94.857056
13.787591
89.930176
91.574394
22.477673
41.06832
44.800507
14.684912
32.329792
33.58741
3.6722178
96.453995
20.395994
70.49286
64.89683
49.932755
78.200226
98.13756
41.377796
30.348848
3.8643792
56.967358
46.44046
51.72592
39.513973
77.37968
88.39015
4.5247865
13.857678
94.954865
2.1571035
70.751785
83.49276
62.54658
24.151272
54.965977
42.654915
70.603935
17.82264
2.6835928
31.96984
27.744778
92.67543
70.94455
4.0297422
84.8205
82.65428
6.278193
92.90586
44.424515
13.3712845
17.562336
18.383648
55.056087
30.734276
54.95438
67.517265
0.8468237
85.11402
52.080803
19.99511
31.648687
5.2761683
24.829893
98.58518
17.465988
57.56194
77.57232
98.18753
31.571022
98.84367
49.534515
78.35275
22.808208
65.32428
45.701073
6.046292
87.445404
1.3288648
69.85382
89.97706
55.979458
66.88852
25.752634
64.66694
67.9282
20.707787
47.115887
45.71983
58.58106
42.297577
32.11779
40.708485
69.80138
21.103928
11.593358
91.50386
74.06968
32.2613
47.152416
8.6476755
48.3128
15.707491
9.226546
74.76568
83.72044
42.629215
32.647358
9.103337
40.62328
64.7482
83.13216
97.17438
19.795195
31.852072
98.674065
30.359228
1.4597689
32.589832
40.218834
3.6330204
13.878193
1.6423105
22.836124
66.04238
20.4657
1.4100155
5.3877716
52.02541
6.3674927
92.04598
74.90315
87.14582
54.51662
77.25182
46.649704
18.84044
46.582367
48.5169
40.92729
43.985256
4.0970397
29.70661
14.9522295
24.518974
48.70289
85.208206
90.086365
21.801405
70.84727
98.894554
42.199932
61.715046
27.326624
43.77325
42.978935
61.112602
20.71322
23.878637
39.42359
17.228102
54.905056
71.31592
30.228197
16.315825
27.21354
30.52135
70.80411
67.03551
22.310116
46.294933
64.86039
36.4009
78.048454
91.71859
99.73028
98.00545
62.97105
91.23259
81.73016
65.82345
49.734013
28.573807
6.309062
11.965451
11.157103
86.83678
2.1349685
99.53638
21.426079
40.693172
32.027824
54.70926
63.256664
1.1534382
50.216618
19.084715
72.33883
33.243996
85.23851
60.548702
27.176796
9.026043
72.09165
69.51548
80.85938
58.684326
79.602425
27.535814
57.043556
50.17945
18.511814
19.717442
76.18588
23.803394
8.72987
67.344376
56.2837
88.90654
14.10478
43.207542
53.851982
86.146545
34.162735
12.786697
1.6197597
17.692833
8.446751
40.515656
42.435486
35.55015
25.523745
91.796974
68.42432
56.304676
25.017939
74.51802
95.13571
35.875847
31.798887
68.77551
37.712666
66.89259
4.9221787
70.86125
31.710007
96.206535
11.3899765
77.028854
2.736118
89.958176
17.853235
92.10319
99.43044
55.209682
36.67282
40.891033
49.51026
82.76959
6.366536
54.018497
39.347435
29.789625
92.75483
11.127883
38.18122
39.44685
70.298355
18.944191
21.774765
6.2971544
8.875304
81.314476
7.105068
4.3702617
81.983795
9.111805
78.12095
11.054157
21.459595
1.4104677
21.796808
2.128239
19.210766
59.907146
0.41587877
91.591835
0.7846199
29.281355
65.66563
41.653805
92.44795
6.9547935
64.69864
85.996346
44.824993
14.853617
55.184624
96.959175
41.09016
80.77462
90.18787
3.30298
36.3862
26.092093
15.8392515
54.646946
52.132755
36.04123
69.11715
25.819632
70.05283
18.82156
77.91003
74.19737
81.41977
60.80639
99.412476
67.72643
86.02238
43.354168
88.31537
76.69429
53.393795
94.118
64.40248
94.724846
71.351364
88.26471
57.59119
53.618393
23.748772
26.343431
60.038006
62.690834
88.55406
60.141758
90.715004
39.4856
46.40593
64.057144
24.60268
37.884087
24.759087
3.490324
31.59613
1.6156583
99.39055
42.831802
46.90261
24.681292
56.61385
73.492714
67.299446
76.69688
21.882376
66.13082
59.398598
77.54078
41.99623
11.503502
81.85885
60.92937
12.349292
28.808556
64.26899
44.22442
21.45938
33.45376
61.657227
11.780327
62.52904
69.8352
72.822716
48.09857
24.221958
8.091899
53.068607
40.788513
19.563143
93.55967
9.719346
19.307512
3.4599895
68.8238
50.877533
78.983185
61.221535
65.61388
10.447128
42.93069
34.763092
66.271904
7.3207917
98.66123
64.32692
78.26552
23.26352
93.31022
90.254135
37.760525
21.972391
45.596172
21.773348
19.141098
56.325516
84.5114
73.55428
43.626377
40.705517
43.419926
83.980255
20.279913
12.473893
51.224136
25.418638
24.661581
94.534676
48.928112
75.61018
46.10028
11.036712
27.847763
86.15864
36.716064
42.42538
87.173836
1.7933177
86.07217
80.06945
51.840202
94.97231
72.77425
46.72866
13.262077
7.592067
11.355518
0.27957672
58.958134
59.580353
49.27516
74.889465
99.22611
24.46865
81.79916
36.25855
18.24074
16.80841
38.142265
22.802895
78.56401
54.731514
23.761194
92.316734
22.102694
59.721375
42.210762
26.182425
93.10077
34.12735
4.433732
5.2446866
78.790565
99.94457
81.752396
4.471263
3.4438756
52.403114
86.74824
54.39086
47.764023
29.2771
37.525036
32.17744
5.19774
7.8157516
0.23285203
65.02846
53.58708
34.346786
1.5293825
78.94398
25.543917
94.43428
15.860173
52.68176
4.9221787
37.05052
6.4426413
21.373138
28.804325
47.300755
28.107754
83.01485
83.272644
18.975658
79.815956
39.3911
25.939976
6.9488883
46.51967
74.012314
85.51174
53.947983
28.622322
22.612816
91.23259
88.76642
31.609573
69.41837
96.472755
66.20774
39.322285
96.38307
6.868914
36.661278
5.5408344
21.982033
88.581245
73.43968
73.486084
73.88393
55.904583
48.670055
32.92834
14.992413
45.90532
64.34671
18.918964
52.295242
72.83652
74.15509
71.44181
79.87615
86.04628
45.439953
25.048014
35.343636
42.700367
25.615377
6.87915
43.618008
14.877719
82.11352
86.4844
21.073013
55.97147
76.22194
19.682846
29.600664
11.238932
24.20981
96.80438
35.697395
76.07189
41.201912
31.986729
31.457262
93.795265
98.2706
28.603117
61.305172
9.32625
75.94247
59.421196
30.826372
68.725426
37.647747
70.14276
74.63339
81.73016
12.901395
44.0345
85.18216
18.103317
14.668317
42.255745
55.66431
39.15843
76.323006
75.32709
64.0815
27.418787
68.23022
68.27417
2.2579963
14.316164
36.829567
96.9672
13.149857
75.15207
86.69742
79.9692
27.648954
89.65512
97.04906
33.027298
40.297096
44.028137
40.92025
78.559715
95.19027
77.3178
40.317913
74.76537
21.501003
55.823574
50.054665
0.5119774
37.688904
15.43823
7.5348415
71.72842
18.799046
86.16107
65.10514
34.259247
93.20752
64.87774
13.125164
35.594704
38.238567
77.44598
17.065952
92.59666
90.69186
56.2837
60.750553
40.481922
85.925026
2.9465473
60.672855
5.294208
52.607964
84.08226
52.51866
26.553831
59.7929
34.695007
58.406876
24.666138
26.656157
47.764496
1.7784468
21.953848
91.70447
5.763155
7.1187067
41.60422
30.338835
23.419884
77.960815
66.175316
76.49335
27.404903
65.96423
54.889328
47.68712
71.73341
12.384513
95.81975
27.254202
27.699102
25.066534
59.408066
15.966733
15.393583
79.98177
85.62745
3.761792
49.18217
73.85324
65.18269
34.784122
72.77425
93.97447
62.47284
35.492287
93.90964
80.63643
92.915955
83.75259
29.435162
48.197105
24.960566
73.76251
41.79383
54.262123
30.219267
23.235676
72.36735
39.531532
42.127216
19.310724
35.025238
0.842566
63.71248
62.15063
6.3812647
80.20476
9.050481
95.65858
20.884457
65.00353
31.525291
92.831276
68.95717
20.59303
8.086045
25.893148
82.82375
35.06971
53.44774
69.764786
25.444975
15.54367
18.902525
22.042566
61.99621
23.66719
79.83534
79.62759
52.723156
16.815578
85.54295
20.986723
59.84075
49.24707
66.34357
50.416706
2.4926617
99.02241
77.70746
95.42226
89.205086
6.3987236
15.865525
28.472298
35.550198
37.135487
91.9624
25.677465
70.83566
32.601223
67.47268
15.488246
5.568216
91.58347
1.2916933
90.202835
20.676245
53.54662
75.88925
29.92151
35.586597
40.773617
44.066845
62.997578
11.664497
48.24631
84.776375
87.565575
0.40968794
8.278378
45.927074
13.170727
33.70854
60.038006
47.549397
79.688774
31.245329
11.314256
62.174755
8.946745
9.264118
15.194928
33.040592
15.495267
54.6992
12.680211
96.84201
67.37623
52.56541
51.46299
40.454136
30.461346
53.037487
30.00193
11.426796
42.352165
16.16775
93.127785
22.552742
2.0140102
78.12095
18.874039
55.33984
23.807571
78.95322
96.00153
85.9389
28.69944
29.379179
31.948956
97.29657
35.555054
25.487999
0.031435426
3.3090925
60.193546
91.43243
77.40206
45.548508
39.57932
93.880646
97.843025
93.36324
11.410897
15.897395
74.92374
22.856333
41.15647
73.8734
77.15296
71.24826
26.608389
1.3683009
73.692604
77.8746
67.72122
69.018745
15.555603
0.2658854
94.9945
3.4700186
26.118269
77.611374
41.605453
81.87162
2.117532
49.299343
66.088806
14.985327
40.945194
78.79936
92.24394
69.3686
51.38982
15.264752
76.446556
14.883458
14.327042
8.256597
21.85349
81.73016
94.759995
87.35729
44.793316
1.6652579
89.52763
22.521074
27.712265
58.421005
47.878925
90.97494
54.06871
54.588055
4.623931
65.53506
17.01903
57.28216
1.0323292
36.30847
95.97062
99.94378
58.251133
31.30039
44.000847
4.1082053
12.8555565
77.594536
78.0442
0.114415005
55.673767
7.706908
36.4251
98.78834
96.54168
75.07352
6.8779135
85.42397
47.538345
78.850464
60.611492
75.52313
78.153015
17.305704
51.44539
29.643972
69.5587
41.859283
15.671408
94.74111
21.685648
0.85812676
84.85991
81.75628
18.288015
87.374626
21.072744
16.096973
84.08318
29.357342
12.454021
86.80964
84.4976
37.8902
29.348806
5.551063
26.948433
65.460625
9.672005
85.31497
91.85768
1.754976
18.61853
15.197527
54.41815
1.6363237
41.40439
2.749059
73.59644
6.7476196
5.5568886
96.4548
15.109106
64.59438
70.38923
28.285585
77.1003
1.906077
1.5995349
46.40593
92.930244
50.891155
68.14176
88.39212
76.57672
93.6686
98.247055
9.877894
81.670876
28.338522
21.30957
4.967695
14.317617
27.835426
74.57062
59.5021
16.93472
79.421074
90.34432
63.440434
34.44421
36.399773
75.48632
54.901398
58.79973
7.2972693
30.721943
97.29657
68.875145
21.6843
45.04007
52.00721
88.85473
78.053856
21.264175
22.171635
93.22506
47.08309
84.089836
54.476833
38.771812
50.701073
97.37776
45.935368
24.906786
94.610435
13.078638
16.884428
59.395496
9.772135
73.8734
95.974396
38.31166
29.053514
59.58273
39.78822
39.63291
87.43401
81.643135
32.09398
37.48511
10.106936
54.32603
44.909103
30.907438
36.50142
2.5854979
41.859947
47.130726
41.97404
67.43059
14.69959
57.071095
49.279064
55.313034
35.783993
44.73393
74.43502
30.685785
14.118745
58.851627
48.050503
98.73418
39.293205
48.080444
60.55633
62.9022
24.681292
44.31498
6.088389
1.8028275
59.88404
13.888479
28.70862
65.63481
86.45294
25.596922
73.32716
74.88521
44.49615
96.05458
74.24568
45.210083
80.28134
78.23901
21.97345
18.300226
54.03989
8.015946
79.22374
70.85924
8.148615
14.070641
28.479057
39.428352
93.531525
28.212938
51.950283
89.77963
52.723896
93.96418
95.33528
45.460472
56.725388
36.99883
60.279945
33.845352
30.917799
69.85382
4.574144
28.309998
38.677204
91.37837
2.366861
18.145832
7.8238955
8.490847
57.49771
22.836124
32.951035
74.53794
98.42742
75.88607
73.84959
31.168938
1.5238966
60.059826
94.34424
75.6217
90.55442
83.23658
57.466957
78.83746
69.5289
34.33803
82.14142
85.90973
23.431398
0.0010838421
41.056343
25.63763
51.829025
16.760326
56.73605
52.43937
53.841545
43.756218
55.37601
10.012895
44.11527
42.632072
38.268105
15.87708
6.204006
66.31067
53.40016
43.81025
40.684387
23.73454
81.93968
49.51026
80.35101
38.79227
32.601223
17.251043
82.757324
18.130152
65.44344
10.758333
55.477345
36.097675
63.165787
77.46038
59.467426
82.08433
87.91144
50.376694
48.332558
46.272465
46.070286
9.349219
80.22581
26.030577
77.35681
13.47492
77.675415
51.18129
21.553009
30.88778
0.87357193
63.71982
29.534683
8.660572
43.26988
78.08492
24.992477
44.09544
17.819838
88.955376
94.2945
83.439735
28.358603
12.54785
85.56652
76.786575
12.807887
79.69041
37.92606
73.116615
5.8530865
69.2823
91.45802
88.40301
84.7641
15.088632
13.869914
66.721535
58.65902
75.33126
49.759212
63.53633
34.693302
30.464952
97.69051
27.974333
44.549023
20.8049
46.782486
72.23423
75.22447
5.483239
50.881588
28.272495
56.02056
97.67142
92.94939
59.467426
96.517265
48.154713
19.273193
44.03923
90.8835
79.68177
82.78444
77.44954
51.876297
7.6014495
55.59759
88.84344
9.178592
18.127329
60.269573
17.796108
9.273317
0.8325262
1.5749294
1.4633329
49.871445
36.467133
2.1078436
71.46611
75.887115
6.766348
75.31024
24.532888
53.82672
59.52954
44.28427
84.088745
84.15761
73.6088
65.57455
7.6577477
26.041473
64.05136
0.15789841
85.90973
41.05074
29.281158
14.951262
93.88295
14.057796
99.54923
40.161396
34.66124
18.709944
24.992317
11.279865
47.68332
16.653147
7.711564
56.737274
76.7931
69.69384
80.377785
93.26343
5.9835367
65.94
66.275696
14.743158
99.575554
60.564625
19.567099
96.785095
45.979836
90.22499
52.739334
94.052536
27.736122
59.80255
48.771114
41.118423
35.386463
46.002434
36.851273
30.966242
93.62351
52.534527
98.20844
4.5247865
60.224632
90.671745
38.02964
8.741162
26.364307
95.47659
91.7742
67.745415
47.051777
31.764465
64.66601
96.35694
72.50208
41.789562
11.273031
40.582565
32.330257
59.36236
19.310724
20.003885
0.76041996
45.266563
88.87749
37.60551
19.929764
38.66765
93.746735
69.95171
83.06204
48.263493
47.781097
88.6901
75.72677
40.835167
55.21882
44.707203
38.3817
46.323875
2.4110968
61.259632
76.42922
40.64044
7.9008822
20.70213
89.82068
64.0097
89.008705
49.13209
39.180695
84.267265
68.21307
47.720596
56.040245
0.71114457
9.445667
70.04626
10.57772
52.733505
24.129992
47.04497
10.267419
16.377628
47.68169
26.65192
66.613106
53.654068
91.9371
72.23193
96.70337
13.113583
57.158497
19.745571
43.43019
83.5657
90.70862
51.36809
44.295868
68.67559
88.21635
3.3696985
91.1154
78.03473
33.77754
50.378937
23.062765
72.59744
12.821562
0.52943593
36.805008
14.353289
20.240711
57.221745
7.5400324
57.466957
15.246569
34.635242
32.959084
85.24219
31.651417
91.56606
89.0467
35.512203
81.74773
25.458744
41.903606
59.717735
78.7548
51.02401
71.073044
16.341112
8.110913
10.2893715
15.859198
71.29519
90.169525
20.668545
69.16508
34.68717
74.91619
60.50985
38.459793
3.2432694
58.45487
58.791096
94.47019
65.423454
45.350994
60.091682
8.303575
43.066547
79.07111
8.130705
0.48346117
34.35603
31.262762
97.30897
97.94707
83.06204
22.970984
51.49083
56.959164
61.297173
16.541958
78.0442
38.94586
40.82917
27.053938
69.95388
21.41996
46.308395
82.20077
81.46556
39.833466
92.853355
25.909191
11.329826
94.85256
13.799502
78.46039
37.61414
63.869812
19.345264
92.77378
54.29471
22.883162
53.7422
56.502056
1.0080032
9.763524
44.347275
81.5837
77.84813
74.81157
44.84897
26.682285
36.75244
94.28571
46.5549
53.782734
93.1304
18.46486
35.234417
50.541473
56.57934
82.96963
87.05746
19.218374
91.265724
34.804134
53.592293
90.715004
81.27138
59.311054
2.7162795
94.1854
61.626083
62.518414
90.8195
69.93671
59.657417
77.763466
39.43794
48.781124
12.401783
38.873524
26.201414
14.4967985
96.18942
76.19116
55.76884
69.149155
86.151596
58.73595
1.8876415
36.103504
30.981241
81.692535
68.2306
7.8622003
58.527657
53.49894
2.6835928
34.724922
66.13254
36.089027
73.458145
90.543564
49.566147
67.269485
50.7624
6.456767
80.99818
13.039133
31.710007
26.809044
21.351374
48.66456
0.20437528
13.671918
37.915623
19.948038
75.76926
51.31221
71.13349
53.579063
28.127743
8.532477
21.910173
34.602722
70.5982
95.94156
36.11514
87.972
37.81882
76.201706
64.471
54.969604
48.957535
2.0730236
54.070477
94.898445
10.087249
78.927025
69.66181
65.35684
20.006691
48.17041
63.44941
45.240204
44.49848
72.02211
49.74643
73.59644
8.3005
36.989567
95.752075
78.83535
93.126915
38.013058
60.64247
34.919563
59.816998
77.5735
60.127613
85.976135
26.268744
62.47041
1.4207989
61.95499
10.846554
93.42702
92.642685
63.393578
22.672865
79.64342
44.937576
26.42225
60.336216
76.714806
33.59832
64.41195
26.930079
57.930916
94.34424
62.821644
36.153976
4.7641835
98.25681
66.55161
46.55708
44.787956
26.426243
3.064648
60.968834
45.989864
17.22296
55.146908
44.114986
74.82934
74.84644
26.454514
10.301421
41.08527
5.628029
19.05926
87.40509
79.540726
78.59468
69.34849
59.873535
72.28239
91.52035
15.761701
94.13208
73.304825
66.20774
34.288563
74.07774
78.298676
76.69512
50.3145
37.989975
58.52259
68.43815
89.05538
70.92626
48.484035
54.01403
95.436516
44.676186
4.27054
63.289516
96.36061
39.02879
88.6032
66.13254
2.5029051
47.038704
87.674324
71.91647
60.66797
83.988495
75.871864
86.56484
89.52994
88.51763
19.987864
36.562614
60.219326
29.739021
21.777256
36.083267
72.41059
46.654167
14.298642
72.97581
92.49157
55.989384
75.69979
87.78343
73.741356
76.23654
76.36244
82.245186
85.13768
5.0837946
17.368473
79.731476
28.143303
4.2943664
51.5277
10.635455
98.71047
92.925964
64.39901
89.86906
90.66457
57.571648
76.4036
31.428339
74.97915
22.069458
66.29183
63.795708
93.148445
52.64951
49.289486
61.14863
0.94966453
76.4113
10.74941
4.8366303
74.42377
1.8897988
17.270447
21.177204
78.602264
99.71617
94.9101
54.403175
59.38788
91.076164
66.55796
26.449059
54.709724
91.74708
68.043175
29.21796
76.11751
71.45966
91.041985
11.329826
17.8101
62.624886
69.50436
23.03188
58.637135
25.403358
91.423004
32.953213
30.2619
55.515118
77.310555
20.913395
95.59146
39.615532
10.1801195
25.816982
13.340329
19.307875
86.92256
93.421135
61.033993
9.251879
67.51266
70.051926
78.23093
57.683014
92.75483
14.591348
50.34997
61.126907
70.463936
20.641308
94.045555
88.935356
9.429703
87.74586
7.0174603
13.246959
27.712265
71.71856
96.38233
78.269615
91.761
45.420784
13.172251
53.34209
55.37147
70.79368
66.667015
27.349222
34.065746
46.513126
75.117805
24.29527
73.05577
98.895065
44.53547
82.15837
11.464515
38.078045
63.709297
95.719696
91.71397
30.251045
37.08501
65.427475
83.18586
91.149315
57.434273
58.249935
98.57329
9.007639
1.3335301
53.050148
3.709121
0.71009487
14.481573
20.599874
96.65625
79.455986
19.826494
27.747736
30.213747
32.311634
31.719954
64.22237
83.70051
99.76205
19.562162
51.946465
58.970985
2.4106448
94.457756
3.6003811
21.075064
12.80623
40.582565
93.31516
7.887896
59.703545
87.026924
95.491875
48.260475
99.16261
1.4027443
20.391787
32.70141
2.3841944
40.328373
63.73532
18.426874
90.24909
67.39568
38.336643
79.86446
19.96914
94.510544
58.12717
16.418007
98.558365
99.034485
88.76748
40.479176
70.41051
4.1230574
15.507076
66.76304
64.86477
39.607914
13.248095
71.3933
42.483376
68.2632
64.38915
26.516779
50.323948
60.943325
19.19823
71.51835
84.731445
45.983223
99.32591
4.232541
56.82891
69.99813
13.304129
66.77237
10.690822
85.45763
36.153976
36.306404
52.86649
78.844246
68.21547
91.96786
83.55893
23.350672
48.06446
82.081566
47.10017
21.724422
50.123234
22.694767
24.334902
66.50589
23.588423
18.52273
3.3698342
59.33707
32.275536
8.684631
16.72021
96.59004
97.36447
12.928628
65.05699
57.94451
29.066391
11.593358
41.00241
23.098526
53.48206
82.261566
3.0537608
65.409515
75.887764
34.536312
51.263313
81.29956
58.233864
63.870213
34.279907
63.381695
88.797485
33.342342
72.49281
65.48518
29.163239
38.36081
68.8508
96.82743
53.3953
66.62011
25.504913
77.84156
90.69049
10.38172
32.02331
96.81629
78.06357
9.14067
81.57044
93.5277
73.08836
88.24439
40.909492
35.009537
32.03226
26.977684
28.143303
61.189995
58.51544
15.355072
96.759186
20.131937
38.335327
97.29284
7.744433
66.2278
55.323814
54.545433
22.081919
20.877926
60.49077
90.5379
46.08156
49.315777
86.052666
84.730965
59.03523
77.4025
36.373478
62.227642
65.71187
80.0589
40.62782
84.75049
66.63968
2.2196317
58.91083
51.305595
21.283457
44.539425
53.82125
0.95096916
86.80892
1.6636058
33.734516
61.768227
14.675805
57.85422
91.32589
10.861436
91.03656
51.482952
34.933403
39.990498
45.29986
27.252731
18.532518
99.685646
81.13876
23.204945
7.9108267
44.634373
88.745026
52.52732
97.831505
30.706484
70.57343
61.773014
59.154263
66.02604
35.574707
92.4451
95.73588
2.6763966
79.50219
8.6476755
39.819065
25.001394
18.112677
38.524433
72.46903
17.871853
95.14214
53.669567
23.043629
78.790565
3.3282583
50.61405
96.04809
7.8364744
43.995293
27.361074
27.773548
24.83166
20.05444
87.69452
90.45505
40.72147
42.654915
98.96679
76.99952
75.52734
53.841545
14.563252
42.954525
48.334087
69.44978
98.00545
56.978508
34.34775
54.07688
11.054157
26.201414
44.192635
44.793316
14.925173
46.44609
91.05165
2.326622
72.76474
51.867466
85.0636
69.78208
28.954638
87.01543
7.8085876
10.587679
65.8935
91.61267
73.54783
53.248024
58.37938
15.743346
83.18586
40.96186
50.52996
92.66763
94.73079
27.146515
41.44665
97.816505
58.467464
92.59666
32.008057
6.6056447
42.495422
50.522182
52.607487
90.93831
51.97749
45.72185
19.172857
26.698935
80.3909
5.944881
90.6668
43.21417
77.93445
87.16631
30.36911
72.78229
58.65121
38.937046
23.439878
15.616129
32.769722
97.54945
27.81716
25.234539
32.959766
40.365288
89.96794
8.827093
76.6819
12.623211
23.774529
97.85853
82.90538
5.7054477
17.47249
62.2399
99.71877
16.569374
6.3081627
15.490136
12.405434
35.242672
74.12985
2.6727514
23.235676
37.08501
66.46845
53.481884
32.776756
16.465662
5.3162913
35.850903
73.20113
72.525696
27.935358
44.046646
52.008373
32.16401
62.127235
20.172617
95.730804
24.49596
76.38897
36.732258
14.864388
1.8101956
6.573618
14.629479
41.790188
8.438603
11.199879
35.233128
71.43397
40.62782
80.96136
73.18673
10.145674
88.03505
33.51118
59.902096
19.078335
9.31322
32.36133
23.851383
53.092815
78.18175
57.51443
17.804567
42.265724
23.16092
6.816685
42.66844
88.70435
62.19385
21.059872
5.909242
72.50208
6.119282
2.2483957
56.707317
93.73442
26.879755
11.466416
26.15679
72.01544
21.47974
16.077797
42.795506
94.48576
11.503502
64.7482
60.68101
50.73564
96.01293
2.8749077
86.31463
32.929222
75.80206
27.524908
29.478647
2.6107397
19.746855
47.781097
25.311907
61.72353
27.70756
46.348034
81.88309
13.289007
35.935345
76.23604
53.324398
39.060658
55.82234
68.842155
26.11619
81.15835
81.86726
73.041336
22.10504
8.282932
51.811687
19.836693
15.957228
4.9737086
19.953594
73.533516
85.599525
89.33995
57.273254
48.35905
82.72262
66.02886
71.71668
10.519594
68.40072
89.18948
67.03937
52.21868
95.28454
15.275559
19.015789
9.869098
35.009537
20.412786
8.952859
66.60401
62.82551
9.591236
99.24646
77.24438
75.236015
25.651272
67.36205
61.08045
7.5247364
21.089642
8.690638
73.16546
57.6695
8.808068
72.41318
82.943985
61.825657
77.90637
56.27885
76.4113
91.90828
23.678493
52.703762
77.40202
58.568043
36.354637
29.325909
39.03933
97.82355
90.54425
70.95507
15.282138
78.64029
13.658898
77.36885
33.461624
56.141506
68.8738
53.70228
30.507252
70.76434
40.688484
77.46461
94.55149
9.131437
27.906242
39.54537
81.42794
67.87854
94.11287
84.13323
46.159725
38.108765
71.925255
63.302418
22.995129
21.005356
67.38296
24.748978
25.047228
59.45884
55.90653
48.539467
14.757996
93.4172
82.04887
33.155212
97.44933
44.943993
25.282135
65.0715
15.275559
25.810787
80.73508
14.0515585
35.884277
69.58285
50.783882
65.04333
38.31166
84.13093
2.23773
81.471954
56.181305
68.183044
30.00465
89.35743
11.905601
72.39864
77.960815
63.515083
56.80576
51.955082
61.561604
44.046646
35.50765
47.533314
33.04798
65.069244
71.88244
52.056477
82.75312
52.054253
49.235107
51.801
46.608295
35.025238
45.84528
39.523624
24.983358
83.23343
56.987007
95.69495
73.88384
25.570284
53.325993
20.228912
22.052423
84.62542
32.522007
60.180443
59.385147
68.59148
60.07706
27.870016
68.11709
21.464005
87.62876
57.906986
10.395983
31.731798
2.3989003
14.936451
9.295464
62.315117
36.191296
63.596535
35.441605
99.99855
65.777054
2.7912555
62.94028
86.162415
3.6333807
70.72959
39.84535
61.171738
94.97873
82.3468
72.34516
34.633266
62.872257
33.41712
88.547585
81.58577
42.258118
70.27238
28.408882
33.485966
24.685644
14.280996
68.800995
87.6562
14.179308
99.15231
99.002846
80.18645
13.405388
63.721775
34.943977
30.523342
7.239803
90.2995
27.361074
96.83745
40.275833
37.689926
32.39257
55.255604
62.10144
95.14115
25.659822
1.0080032
90.50627
15.486772
22.427544
19.653082
26.375452
45.41962
68.93892
96.951126
21.419508
10.764578
29.099483
59.69324
83.95591
13.133727
66.14362
17.22296
12.638463
0.6371737
36.771122
51.561756
34.633224
99.143196
31.53785
24.191525
90.995
60.153053
6.267672
56.847054
86.58402
74.907455
87.86342
94.30775
44.147892
89.65599
48.873795
12.072155
95.09751
96.80844
45.941967
16.4704
52.807053
74.568634
17.290112
33.065212
58.1712
0.38273546
4.831601
24.846804
91.23462
12.025979
74.219124
0.78790665
38.06385
80.28373
33.245327
5.372265
98.31033
49.253315
81.388435
85.09069
89.76545
89.41449
5.1520705
16.661924
1.3960977
22.33609
89.81566
51.475414
61.51147
7.7270174
36.877544
27.50494
12.392981
64.52542
86.00123
11.081363
50.97098
1.562761
26.878027
10.853208
35.174812
46.773884
13.011215
56.99747
88.78276
54.558315
6.6685433
85.79608
87.81152
7.935332
79.97708
15.112829
32.832493
13.740734
84.87461
55.831474
26.699371
19.792019
68.64175
46.48191
79.09043
1.0108373
1.1168742
81.005226
13.926796
47.034256
55.87026
2.3989003
67.18524
37.39108
65.11978
13.958369
46.349667
52.270386
73.94882
98.546
99.671455
12.655987
37.55944
87.43542
65.98445
3.0267885
39.222137
45.230434
84.4553
55.100227
5.86416
47.25727
65.85677
66.30531
59.5021
66.04536
66.11796
76.75595
11.426796
51.270615
42.568935
42.68947
28.186644
55.493565
91.84996
1.3903074
89.60505
33.850376
63.147636
12.6215515
37.39492
67.09087
87.52495
44.353172
13.037856
30.609758
70.81443
29.855991
99.6697
48.12278
70.29305
48.749798
2.6856182
65.50857
97.4183
20.305357
38.43107
65.4801
27.829933
13.021205
2.6307564
5.3544216
56.466774
69.06023
26.150034
44.421333
9.029043
96.65418
66.77238
57.969868
75.86622
96.827576
14.164601
35.858578
60.671528
42.528744
0.95635116
62.386295
34.390934
3.8792288
31.181236
67.14325
93.256424
96.703285
71.377075
69.504234
18.725262
7.8622003
87.64903
99.0293
27.792566
75.9557
84.83344
13.005042
77.763466
13.252569
63.50677
48.770226
67.9697
72.67838
32.412506
74.535805
68.62384
78.010956
6.046239
75.58193
7.597146
49.639595
0.5725217
0.1173773
35.17015
28.809124
70.89062
18.086462
73.92401
83.00426
68.025696
53.91435
62.233173
81.13288
36.962143
41.966946
89.060486
89.4925
8.046751
48.932476
83.83082
3.15504
44.81381
10.839978
99.530846
67.1774
97.24155
14.479687
3.9120183
27.906906
28.972067
52.503643
16.760326
84.15454
9.099466
39.566624
97.589966
39.432945
79.03033
2.5509272
67.23613
71.39462
89.607704
78.799644
64.60603
34.431576
5.908088
62.997578
58.285797
14.994896
44.787956
18.220564
40.176838
50.510777
73.41131
98.78415
80.85943
4.152385
29.165005
31.345026
57.16617
71.62771
59.154263
63.76706
96.44349
58.65902
71.19477
19.644535
60.013462
17.008377
47.038704
67.12938
54.850105
84.6775
31.250175
85.83263
14.299519
15.412078
37.006084
98.13503
80.18281
11.181037
90.214485
57.29397
54.596382
79.30099
47.95027
16.856216
92.06725
35.910934
12.152766
77.12785
48.796944
27.44565
20.018173
20.809172
66.21258
50.381027
87.45972
20.702623
62.941967
85.15917
42.089954
0.17682256
98.50415
89.982285
7.64444
34.278778
24.345798
96.283195
67.9941
20.204926
58.330765
82.36006
37.156902
13.13789
31.258297
40.985283
33.100754
85.15121
84.001144
29.000378
57.417835
35.560684
14.404755
52.252815
96.93198
91.26724
37.970608
21.21155
58.13661
83.93241
64.20698
77.26304
32.99837
25.622324
61.40828
70.62103
42.331554
9.111562
64.53464
43.732006
67.91416
24.902548
20.065948
74.68045
56.30892
21.473654
36.810707
2.6593175
23.827261
74.54392
23.582481
5.690407
0.60570145
82.88198
7.888878
3.0017474
63.303257
43.55
80.47532
99.26582
5.224052
17.387379
18.203518
71.93961
13.385532
3.105239
27.422535
71.14152
88.32836
54.68185
73.43303
95.91432
97.30669
40.569523
72.44363
14.758067
96.745316
20.661243
40.721996
46.131287
77.47805
56.707317
38.8865
18.88919
14.387537
82.05742
21.64179
13.310876
9.31322
51.889748
16.646564
47.08559
74.90315
94.12126
85.37228
71.993126
72.239105
90.57791
61.28232
24.294977
53.794056
67.64442
6.309062
17.44721
12.52816
82.03432
48.414173
83.13794
55.139057
54.17809
6.973037
80.05656
11.092841
12.926601
10.611371
68.069145
73.73664
2.5594747
31.27171
35.74
41.682335
15.67822
41.0641
37.069027
12.577572
76.29599
54.49816
56.78877
60.110317
58.43257
71.91647
35.707703
44.152397
28.711641
65.17539
44.63397
66.271904
51.696285
53.007862
97.143364
15.742596
46.805252
64.54623
16.134027
16.46315
3.9658353
61.72971
42.42538
99.491455
53.618393
37.341915
59.513103
31.564718
71.77855
34.065746
23.761925
66.67074
50.068367
24.846804
33.19775
54.195065
29.817184
28.842958
23.211458
34.047222
24.32906
22.136732
3.4324834
21.073013
4.789058
63.75451
30.204185
23.391571
37.554256
45.590477
41.082706
68.221954
60.07706
56.122986
97.14001
70.71296
42.84127
74.78636
15.138623
86.090546
63.990376
62.690834
32.377583
40.365288
52.040188
11.347773
23.209625
78.69564
62.753834
35.522343
95.73588
19.396006
12.006431
7.992
67.759384
37.989975
45.84528
21.45938
42.627926
14.790721
90.07294
62.07797
10.840923
21.298468
43.549225
1.0853617
57.221745
61.16715
84.28386
45.35711
37.914867
82.81054
7.0105
87.511314
90.07294
62.728325
74.22894
75.49429
70.98921
81.63524
58.184635
60.6134
36.97659
25.232544
31.610487
12.476962
33.458527
67.5707
82.2207
39.367306
57.990868
53.016453
40.15783
79.18816
59.32545
60.991196
72.74961
11.118157
38.966686
16.253883
86.31144
6.737009
70.63104
65.97737
38.634323
9.294264
35.52114
31.216366
25.7871
72.69053
52.731148
11.222706
23.818947
56.293575
42.940395
67.68948
23.480305
35.227993
64.259254
46.96126
56.253788
67.60747
28.416986
98.61295
89.303444
9.268585
51.338093
50.95562
4.056683
80.75647
25.095795
90.34341
87.97813
50.345734
81.95749
47.01754
47.06969
74.41046
37.94939
50.551594
66.04521
0.986632
95.78482
3.4127762
0.65953773
53.031532
32.239525
33.82152
62.390106
29.042374
34.417442
37.48712
28.33968
4.398982
25.349785
30.997303
94.967186
62.029884
32.23493
99.55223
7.6057897
86.16731
59.69166
91.7893
81.93482
57.643497
50.05937
87.92777
67.619316
70.0271
63.478436
16.775648
28.489481
60.266415
71.51835
72.130196
21.144564
84.8023
43.220905
61.05135
87.24807
36.411324
86.989044
27.918589
48.868645
10.9611225
88.015976
27.389019
69.19028
75.925865
74.33074
72.48794
40.483784
25.483921
1.5256947
27.341185
86.114716
42.094166
17.26951
11.1589365
1.2052554
67.68861
59.040657
26.521608
87.36988
43.55
72.639465
83.34845
11.1385565
5.194082
20.435066
81.14329
34.826817
23.551846
8.723727
68.133286
23.80002
25.648237
59.124695
98.94842
82.53929
14.350018
21.869986
74.95607
78.803314
92.57474
54.503227
15.995856
46.676662
19.370611
76.40742
87.27316
78.6023
86.172005
74.05933
71.58694
56.28011
48.10244
84.01247
87.279564
30.41052
57.558853
2.1591208
37.96004
6.766348
72.50208
7.2972693
18.957012
34.910553
17.487213
48.32824
16.674799
32.28616
1.3744917
90.62254
34.417965
31.51869
72.94753
82.73184
16.862831
83.19599
72.195656
82.00489
9.591236
54.18653
86.01574
25.530832
0.37360248
58.223778
9.054258
26.629179
81.15833
99.01332
0.4771582
5.087047
30.277855
48.5915
39.550407
88.202896
71.82308
38.335327
82.30628
32.1059
81.53144
61.772816
27.06711
41.201912
65.57778
32.652836
6.0645027
94.83211
19.426569
64.772644
64.66422
93.4488
85.31767
69.079735
17.850716
52.43583
84.63427
84.489044
32.490864
59.382057
47.531055
98.309044
11.641714
81.839935
74.14739
79.526955
15.451177
15.360057
91.022514
6.3081627
88.209076
41.911648
3.7655914
24.94792
42.846516
78.46869
72.99839
74.70793
8.714034
99.439415
8.816626
13.511037
76.30725
71.812386
64.25145
19.268639
68.95197
47.91961
54.8576
93.259026
69.03851
95.35424
71.90971
87.62891
14.356947
24.508059
21.257042
17.44721
18.695452
87.60505
21.489624
31.496122
73.51009
44.286015
36.951576
63.596535
55.823574
90.18675
43.555172
70.603935
88.10135
90.864975
98.32511
85.01176
10.138277
85.267845
14.997657
99.44548
33.100754
94.20806
33.150944
67.303345
5.340038
99.52018
37.7859
90.60256
34.82088
15.485002
46.7859
21.119017
7.4286685
90.06709
34.420116
89.44084
78.9258
3.8554215
45.794037
80.14086
46.547073
85.415054
43.50047
59.891464
41.93713
37.93013
2.2330823
46.82184
34.491756
95.610916
7.38246
12.415007
65.56437
46.81009
41.70562
11.750493
58.49003
85.46234
98.443214
51.23916
81.64923
35.421448
9.191426
28.41588
80.58241
88.015114
89.1854
67.439575
78.83746
72.188194
46.58072
43.702797
10.247261
49.24467
59.35829
59.848328
61.667747
21.345287
53.778202
62.341015
82.933586
73.75698
33.55
55.579742
93.11659
28.680721
92.370895
0.20437528
26.757242
86.45114
75.407616
13.188477
70.22948
16.355043
39.83744
64.551674
67.074196
50.256653
71.91647
51.43193
49.283066
61.218735
12.421125
49.2026
65.71187
32.67966
65.23642
51.449867
20.714718
96.283195
79.37093
17.064419
91.837685
32.589832
38.64572
34.929333
70.20066
72.26249
59.7938
48.710335
56.59504
88.608246
16.154589
22.464025
54.649635
39.407436
49.0043
82.72976
55.26173
74.38179
22.838476
40.079655
42.774845
61.668728
98.783485
17.281107
48.364433
11.464515
80.74462
68.87229
69.60093
64.94414
99.041
39.502865
2.1078436
19.93788
93.84731
67.29612
43.835583
41.73617
49.869305
25.441978
50.023315
15.06479
25.092863
88.70435
31.10526
77.871506
20.8703
52.93598
30.868214
67.14325
45.873337
27.838219
86.72101
37.418453
26.529213
75.584755
88.7258
53.92165
28.722948
50.102802
41.210777
5.918317
94.0773
10.615496
42.937145
55.91086
96.69452
53.646893
24.79389
9.174129
36.17706
43.141716
94.95123
21.685648
42.954525
32.46282
95.35514
54.46367
11.684892
31.636772
36.409843
87.187355
86.43901
25.753366
12.240095
93.127785
39.293205
52.555027
56.555622
18.47799
57.156326
17.753393
56.276207
31.888435
96.272896
35.558346
45.392105
88.03802
34.844463
4.574144
42.46106
7.6859217
59.580654
51.703564
34.82088
67.724464
70.821075
17.45944
17.558115
19.193272
76.16121
49.02448
72.28372
29.245369
82.163185
60.564625
92.826775
27.428434
81.211205
78.69822
29.85679
72.85191
74.181946
23.944736
86.20558
58.73821
69.52468
16.194994
63.60773
34.314285
33.770836
34.68717
83.92567
30.110758
31.351093
77.318954
2.8995202
78.795
62.00774
56.43243
65.14718
85.67551
92.14495
45.968895
46.306545
39.92982
91.585976
10.616747
73.19435
91.85271
27.624088
47.440372
31.408876
68.87783
91.02826
40.882187
23.593666
57.307026
58.116264
9.635444
56.495766
48.82231
62.036793
47.961945
41.514385
15.973983
51.143982
28.889364
4.8084593
44.998196
59.471268
16.616243
2.014586
12.754039
5.644164
75.83825
92.07349
50.021603
71.41192
95.390396
77.93445
77.85672
56.825226
57.906143
47.17414
40.835167
21.173542
7.6681943
14.113263
7.3050823
44.824806
61.83278
50.582664
79.916016
81.647316
76.20573
20.302242
12.2880535
25.857037
74.48846
39.84535
87.88122
47.68332
64.08948
73.764366
90.91922
9.017312
71.945244
25.726522
90.16477
72.167946
88.76387
53.261574
9.478159
8.829951
92.826775
97.42394
54.149803
82.737816
81.138664
47.12701
56.30892
61.69693
29.30762
80.320656
19.374775
5.9840984
10.846554
52.042397
6.9170427
12.235456
68.21307
72.39911
43.02564
35.886124
24.552788
84.53203
79.57921
80.71265
6.837361
44.269173
30.94674
17.089867
51.707226
14.17278
31.213737
19.493137
35.593296
25.342453
84.13006
42.807587
51.039925
80.87858
84.98471
54.17809
52.549244
76.71302
33.815193
95.30707
16.995655
7.9236
54.810547
74.11171
5.7279825
25.656681
60.515247
63.777237
12.011978
44.053856
24.923601
62.983887
57.420273
15.756314
97.21857
87.17078
52.62082
72.822716
36.951576
8.5909195
32.63423
83.331665
27.155273
77.24783
9.506222
16.387018
19.361328
24.413006
12.306833
27.459879
71.29969
57.390507
98.273476
87.553
92.84253
29.715704
86.67554
30.102467
72.89174
32.80183
50.040237
40.58694
54.80159
56.751358
88.964836
8.738982
25.980455
52.554893
72.69053
16.950819
35.419083
59.306416
99.55898
94.83157
17.57922
30.651096
6.515709
5.7529874
27.913965
4.1212873
61.9313
79.82453
45.113308
87.888596
11.593358
76.1294
84.85917
96.529724
29.491861
39.7184
80.650215
95.05496
85.00261
53.172306
76.97917
23.321308
5.7161164
52.057533
59.569813
87.10167
91.3466
93.02035
73.240036
40.788513
68.97506
61.90192
34.57008
43.820515
57.028168
87.549736
6.643628
15.112829
47.09142
75.20128
86.43378
94.954865
58.919613
56.315937
48.354263
6.4063454
10.9170065
56.52269
61.585117
65.58019
99.68652
6.4131155
40.915516
61.586494
37.078148
19.66073
7.420507
52.74937
31.92186
35.159496
72.10732
84.63177
34.15217
39.15945
78.051094
48.464844
32.667953
42.814846
19.565868
97.92127
28.033138
72.68265
37.135487
44.530857
21.017298
89.17246
41.916634
11.969197
57.23537
99.24338
76.20828
24.348146
47.972103
18.964346
96.70408
13.922524
0.14765422
52.645935
82.14142
76.640274
90.232025
54.693165
89.909424
35.95335
33.830936
33.716812
51.608543
81.681175
95.610916
28.245361
26.319565
34.81119
87.0621
18.270685
74.6871
44.614944
98.149445
90.55073
23.649767
82.795845
53.841545
57.55948
66.93215
9.340114
4.462196
78.44444
97.3267
82.2539
59.367805
89.09449
49.235107
52.176792
53.53311
8.043244
23.183405
11.7383375
0.6877612
78.4393
95.367935
12.986649
26.021976
65.97209
60.213474
60.649456
46.216293
57.012516
44.25021
90.89973
48.950546
34.760868
26.171034
30.776014
17.544724
96.29214
38.132965
66.57028
18.649067
93.38802
2.799299
70.00142
74.159706
90.214485
80.79475
7.068974
8.325761
41.00743
14.702205
89.479805
86.267525
42.04543
54.793144
70.997536
85.22233
68.34596
20.882648
56.007977
64.259254
65.4672
81.24318
27.792566
62.526615
80.77562
33.72467
30.449457
6.766348
11.995197
93.461494
2.9523282
76.23654
82.86363
38.79082
10.613528
24.063938
85.14703
80.76054
66.534706
41.65598
10.823145
45.794632
17.650564
61.692986
83.03521
25.773352
47.566505
51.671898
60.504368
1.0248429
83.72783
39.295956
70.81731
94.04834
41.916634
35.895405
72.41059
41.294605
36.478546
4.29008
0.74978954
97.8155
52.74937
5.8826294
15.687326
74.593346
13.774032
85.77117
33.638615
42.435486
40.961308
17.639482
95.67722
23.383846
61.75196
82.405685
5.0298066
40.15553
34.35603
70.37505
60.284225
61.0438
35.399254
44.31064
99.113914
53.519573
98.57329
65.669136
39.29536
68.09544
88.3642
41.42436
0.84694606
71.777435
57.19243
77.71849
37.841057
59.621788
17.625818
91.26724
8.760534
91.68087
75.941
35.263508
6.978115
61.288044
57.72885
38.79082
40.35025
55.564003
98.04966
3.3426938
0.2679774
96.75673
43.189148
54.279713
86.3111
23.562645
26.422552
86.805
98.039925
85.27956
78.08552
81.74185
33.37182
40.91608
36.86722
91.022514
7.627358
90.00161
2.0654411
0.1667939
85.541794
60.3289
12.124387
25.461472
50.22151
12.360677
91.86735
89.58548
82.05242
10.842934
69.18073
70.63672
94.169044
43.454483
59.83273
43.5667
3.1717825
76.088455
88.77159
36.419163
36.34419
96.10733
9.485802
60.12979
55.62329
92.92008
31.185925
98.05142
65.57778
48.367805
81.8134
11.491678
6.76845
41.284325
84.93125
66.36846
16.508606
56.5148
92.31065
77.14526
96.077095
20.92391
82.05206
85.51623
55.990887
55.58704
91.89961
72.90364
44.719467
96.236465
49.11628
32.96905
59.755116
64.08846
31.248081
62.699585
32.16401
20.535872
31.054777
12.748811
65.06587
21.935143
31.306318
62.547146
85.88149
74.014145
15.145206
34.988308
88.815994
75.05429
62.879147
18.991371
45.40429
24.723307
98.94378
54.646946
50.21263
20.63613
42.80014
26.946878
36.746536
62.09368
41.88289
20.790186
8.4049635
97.780266
92.312454
77.70828
63.152115
48.16164
95.80276
17.98236
4.610495
7.2895417
18.47799
73.289665
32.769722
8.4484215
15.358343
22.039589
40.548477
8.976496
42.69062
45.384785
85.81232
2.3052368
9.083452
77.310555
30.13551
66.838486
30.572899
76.589226
3.3408926
54.92593
69.18073
89.98736
54.689365
35.08184
41.07668
18.371141
21.154123
72.39592
4.0248885
79.571846
49.7129
29.92151
61.31201
53.915398
14.471653
84.96429
82.42414
3.8267255
33.458527
79.33461
47.670647
65.05006
96.15029
60.9112
72.05482
46.152832
23.048353
88.66431
7.4003716
45.178406
85.91597
75.43203
51.703564
20.8703
83.07134
53.77149
27.78792
87.116646
67.56771
94.51287
84.968666
75.93981
47.027763
29.645859
64.58275
43.70337
66.838486
85.17322
37.66747
0.078897454
22.806053
99.84489
9.230983
55.532787
81.42036
67.64778
61.888657
91.72045
50.83378
71.84173
50.225952
49.802433
79.450676
35.492905
50.75933
16.158726
58.170322
37.448887
68.6767
90.726204
55.7256
33.766117
47.05849
73.827484
33.150944
38.203392
54.695686
54.357933
60.300514
14.100949
94.14056
66.1802
31.287943
76.6198
93.04211
51.950283
52.73669
13.731925
87.56335
67.65759
34.214832
49.713505
23.47407
89.66232
69.13639
77.01641
38.75293
7.8238955
2.4633117
76.81071
0.7959504
59.64349
70.04634
10.46947
39.162727
11.881037
79.661446
35.532097
53.92671
43.5468
85.474754
20.296654
83.22143
88.28606
71.164276
50.81412
77.43282
90.158295
22.689535
1.0813197
76.76222
50.3146
48.084282
6.0570636
21.72594
52.001144
90.68563
23.627285
64.21304
43.46865
69.55116
13.624495
49.958584
59.94951
51.270615
91.84717
30.149273
59.56764
67.37623
50.01849
32.558277
39.168873
21.473572
91.83071
70.887276
74.09198
83.537224
1.4610097
90.24909
62.196136
31.458767
1.8960038
46.906826
50.909885
77.1086
76.257576
29.252674
91.4096
1.9261783
54.80655
3.2957659
13.238373
52.28039
53.060448
10.931475
83.937645
19.153507
41.759956
0.21073958
62.421494
5.3758044
7.7953234
16.239687
87.42129
80.87901
28.725243
41.64776
62.62035
48.079906
60.9969
24.068506
53.16457
30.607786
96.45405
82.69486
63.372173
4.820116
5.9409657
66.70356
31.64163
4.376453
43.50196
27.17177
12.787765
51.043613
0.15789841
98.25681
89.85039
25.351938
18.686264
54.222725
87.31922
67.759384
94.11494
40.971977
22.821606
54.558315
85.96513
56.227707
26.682058
61.005028
52.017673
79.571846
27.976044
45.94868
21.421164
43.477493
87.00452
52.264275
69.48791
30.92121
58.08666
90.86068
67.78105
96.262886
47.640266
32.57238
47.679417
31.938911
27.307196
98.82119
39.73388
92.49157
95.90888
6.8928037
58.718433
36.27064
75.33747
88.45396
93.71372
8.637319
52.748745
69.86288
65.79871
90.73444
38.708347
25.466421
38.737873
25.218004
94.289276
71.31844
63.733463
84.41316
43.536922
87.64483
86.18355
19.66097
36.372597
58.320778
50.881588
58.626915
86.318665
59.321087
87.09285
36.08457
46.7859
65.35311
66.99252
71.65629
53.8289
62.624577
59.49854
62.648285
43.686268
47.72509
90.010414
46.89273
28.725243
9.80476
94.09698
22.335049
35.58704
93.03365
44.953533
57.748604
11.087116
12.94244
36.874153
56.92128
12.095889
91.90132
74.09819
99.55903
69.46651
52.565807
1.318719
45.34701
59.130703
69.67509
2.947223
89.6781
17.874651
21.995935
31.45893
92.65885
73.25154
43.64105
84.26891
86.87514
33.993637
6.0856085
81.310074
25.656681
68.172966
99.571815
80.189705
23.276808
31.96984
2.7501683
74.30514
60.116474
0.8150834
20.362627
2.2674146
10.587679
62.15377
55.459713
32.929222
5.2582383
5.924168
49.906902
12.172648
93.52561
72.826836
48.30599
13.5415325
23.148052
53.673107
41.375576
93.68623
6.046292
19.312664
44.676186
21.890154
70.65815
93.55208
64.26564
55.072475
69.52468
50.028625
91.67607
22.11743
15.188616
55.378563
14.700349
33.991474
54.15168
5.8025103
48.509754
77.10035
71.74707
3.3798926
74.0323
61.185265
11.578704
10.615496
81.622986
60.68377
22.43488
25.611568
46.0185
95.44534
5.36574
85.45171
58.937515
35.009537
14.054727
93.50508
4.7330213
87.27337
28.409155
57.684414
98.426674
93.875496
62.349358
60.364082
27.511227
59.452538
84.63918
42.545254
82.797676
8.47252
7.272179
12.786697
52.154186
28.92942
79.661446
40.386272
85.664856
3.5926785
81.498245
37.303955
81.66255
76.923225
83.11957
45.512333
17.803972
3.454807
52.70248
26.870028
68.978806
44.331314
54.695686
29.880432
70.53009
91.98122
47.01396
81.95307
47.68712
3.613121
41.415337
42.961647
52.645264
28.698702
58.258892
2.6060882
92.47504
49.055546
84.46691
52.88079
59.17029
55.705845
71.8047
27.607975
41.902714
62.05738
94.57252
29.991617
43.57159
45.708805
59.036488
12.786697
50.662437
70.236
40.94706
0.60579216
71.89423
88.78456
86.70818
88.7545
47.201736
95.72195
3.7328742
38.73626
57.031628
84.5581
16.764042
38.20962
14.673744
23.122372
88.31418
77.614334
96.583374
71.288734
2.465256
48.462097
3.1584866
4.623931
38.045498
41.461903
22.11636
43.50907
44.160263
37.7859
82.247574
88.649925
85.07695
95.838776
88.79105
25.56399
56.805954
67.27901
29.641243
71.32141
61.6122
78.06116
36.718193
93.20779
87.4276
95.98349
58.631687
73.38217
37.57412
84.80187
28.184464
64.3938
84.87901
38.155235
26.131058
99.853355
47.248497
31.044628
64.05092
12.866591
5.887612
13.170727
6.6295705
32.188766
12.654847
56.676807
27.249619
90.37341
86.136894
14.070641
26.674164
91.19448
79.410965
26.214855
34.536312
36.661278
1.7588046
19.238356
28.34825
19.274641
52.580322
14.1973095
51.306267
54.90843
93.82686
85.66594
84.077385
83.90379
73.800896
32.33902
28.696747
51.116352
67.58854
29.884834
79.47682
48.57582
2.5128224
58.324562
63.343006
54.72565
8.211951
9.448532
68.43287
34.42392
80.82837
24.654215
93.19171
0.7050314
25.954468
47.10259
62.340313
59.677998
48.437023
3.688633
66.1746
44.979156
81.613464
25.09376
10.8501
27.243965
18.49529
39.502865
68.03627
9.562063
71.74189
7.162134
88.055855
57.53033
86.52524
61.920322
96.023186
90.15062
42.19902
64.20212
78.21829
94.611946
59.598793
87.336235
17.345379
99.051926
85.23106
60.865875
36.38322
66.66509
16.334955
49.528934
50.17557
42.287743
29.35274
64.97679
51.741398
35.293896
32.41959
98.89941
29.95985
8.2802725
36.7674
54.399647
36.27064
87.79824
44.90005
82.41031
3.4963925
87.31504
96.785645
9.576882
71.77394
40.54194
19.533852
29.301691
17.714476
49.642883
13.750747
31.612999
44.68655
60.432587
12.926601
6.0856085
56.4896
89.6794
38.696297
32.54844
49.753727
93.8784
94.49475
98.26763
58.6329
25.812902
62.39026
89.916985
74.35272
65.71028
32.873074
28.41588
72.97168
10.559439
28.549143
2.2131066
78.79264
53.43912
53.006496
57.300022
54.39086
13.331217
98.78415
28.185492
93.461494
40.15783
53.3656
47.94301
63.24452
41.045815
50.017834
5.2446866
79.95698
71.993126
35.295506
84.40451
42.25046
92.78086
70.144
56.591736
87.7189
98.94347
11.956944
3.9672587
18.869047
52.191628
50.35467
97.65274
49.75854
24.204905
80.67287
78.35275
62.174973
60.87354
50.53867
23.094841
14.3829365
44.314316
55.097095
47.626324
48.35251
11.146104
6.9474277
74.50023
32.56986
29.739021
10.733229
0.0665293
49.784504
81.13876
26.3687
75.41173
96.2967
70.7114
54.174442
57.871544
58.208164
11.121999
26.276293
44.676186
3.65532
3.6782174
66.56896
6.0643215
22.854403
4.5951085
42.76474
39.705193
65.06587
93.42625
83.46274
77.65528
53.175953
79.8494
16.972767
96.85311
14.37931
16.9614
97.05686
44.47153
7.7721825
74.907455
19.637323
91.75148
49.22647
93.4488
4.99534
54.267677
87.173836
55.511642
67.48036
53.510265
60.279945
64.872055
9.3222885
76.864204
54.6779
71.22233
44.909103
44.97298
18.359915
6.981424
57.25286
84.15734
60.453938
55.009785
33.741787
1.5887848
57.76979
92.620186
62.493988
25.156977
46.669334
88.11176
33.853798
48.5987
18.086462
91.4096
37.245987
88.6361
92.34098
74.5637
15.664454
20.326588
74.639626
81.47259
74.207924
25.092863
91.38941
12.515342
26.131058
35.185623
10.683151
69.54568
4.7279234
72.29426
41.045105
39.12427
77.46849
92.002266
19.835098
83.367676
40.873924
58.338985
64.867325
88.342026
0.7186578
39.63718
20.71322
72.708565
57.708202
98.6623
90.6634
60.887737
62.38769
0.6056025
37.904503
92.62438
23.882713
69.98957
14.682045
34.981567
16.423754
14.980908
6.8509927
21.17621
96.72132
46.22739
4.0884786
55.57457
9.279076
16.674559
90.05178
48.714844
92.797195
34.015724
76.45855
24.557722
95.89572
8.968125
95.270615
66.73385
94.38348
15.976851
88.33778
39.597588
24.532888
53.286713
52.825157
50.551594
61.33469
86.175064
19.282354
0.23921536
26.050009
59.46524
67.82503
16.486326
89.1898
55.37601
86.34324
13.980298
33.425285
62.15353
88.730515
41.065956
98.99028
63.019035
35.717175
56.33496
85.404465
4.73474
95.467064
26.316023
42.24542
91.57104
70.794014
89.66879
27.839294
38.840237
85.00261
58.695454
44.82085
2.023141
11.355518
37.402042
83.85781
90.60377
70.53863
76.40657
51.489517
14.4955435
6.757077
51.143982
41.052113
31.906616
31.890919
65.39389
82.32634
96.44168
99.36724
93.062325
64.62777
13.345469
13.33615
79.70614
43.61043
96.66326
52.054253
20.255793
11.700613
82.85153
67.473946
59.621788
6.0920568
26.781061
23.4905
38.642845
2.8833117
82.5341
81.33589
73.796936
55.949627
36.469864
22.190666
6.2770934
11.3899765
77.97993
9.182101
33.154186
65.22294
63.75451
3.005248
5.2885637
11.746761
51.90172
28.605738
44.3182
15.222545
29.603466
52.677395
77.6604
57.98715
2.4702027
94.35531
43.90701
7.696906
45.75954
67.839485
41.323578
71.10569
51.316498
67.89323
86.153404
4.3812733
11.228049
0.12062346
12.508765
66.43033
15.13446
22.170404
69.43025
1.0694861
79.0511
51.31221
73.22967
23.499193
3.4775836
62.21644
93.323875
3.4989128
97.34755
50.378937
36.21367
64.45026
22.354328
65.72826
33.660862
81.78596
61.40075
21.552168
64.30176
13.713586
46.247505
78.0709
6.053543
16.699547
94.66774
64.69864
85.290726
17.182646
76.24354
72.256905
31.795479
13.8780985
64.0815
35.54919
47.912243
83.298584
29.430191
88.40301
24.172009
39.719242
98.82899
48.111404
15.077639
18.532518
14.026502
47.86104
54.596382
40.94706
7.4324174
46.17635
61.399754
92.94113
47.35178
0.15218973
48.61866
13.986329
37.405807
40.55732
51.2951
95.92212
6.362698
25.218004
35.50765
27.424314
74.68045
34.390934
24.484293
91.71065
66.599014
79.908905
74.95716
48.38223
78.49135
40.615368
7.224242
4.1816845
31.701176
15.583679
19.080936
57.300022
56.05754
33.030006
53.965534
24.700457
43.837082
2.3855484
31.51818
96.45592
94.223145
78.07977
64.36107
64.96719
49.76568
73.69959
9.260375
97.843575
58.467464
12.149544
48.468
98.49662
56.949142
70.32947
3.1764035
69.27526
64.674904
22.14502
67.4702
17.981783
31.574938
80.761185
14.06673
8.732558
41.11193
23.352098
76.6605
29.489616
17.696619
69.941185
2.9760613
17.796822
30.946888
78.11532
37.418453
7.935272
5.2625666
55.001247
58.469852
84.48104
37.960625
33.100967
62.958557
0.0059402985
47.866535
76.388885
89.74929
9.160088
48.676964
90.12563
57.810776
98.62322
78.38349
4.494728
16.01148
41.65085
12.172882
41.97404
68.76722
74.571976
23.094841
4.626765
45.826332
38.692284
11.066255
72.68265
73.56778
96.75673
23.613861
42.44541
91.484604
69.442894
39.2631
67.93404
28.776209
29.11238
11.874742
73.78913
23.122875
59.278507
5.363294
33.728752
55.405773
61.113934
33.375065
10.860514
8.873836
21.86697
79.25493
98.42963
96.346756
77.12083
2.173846
29.004131
92.2535
10.267157
33.433537
62.158558
55.806507
1.6688567
71.672905
99.15825
70.34536
53.510513
93.89908
61.05071
63.16913
49.385536
8.031685
27.498451
8.6476755
75.55433
50.398903
87.03286
99.55898
32.953213
97.32106
3.6559029
77.3538
22.437618
68.72628
43.81612
35.32892
46.789444
97.08908
0.25880146
87.69857
18.215492
47.746834
38.507023
86.80284
55.57782
60.12584
59.814865
76.76058
32.57185
22.845596
88.64102
36.782852
70.71983
73.343636
74.71191
64.37755
4.7330213
9.737995
47.945568
29.543457
83.25606
92.78351
70.213295
79.87364
89.35743
4.9737086
27.307022
61.25735
66.80135
3.480645
85.33114
21.144564
16.45587
64.653336
39.29182
16.742208
39.22971
7.5309873
76.553345
40.767986
20.192009
79.15083
2.65789
34.107933
0.48407573
98.4572
84.45794
78.45024
70.788765
47.123768
19.274641
19.570112
88.43751
5.969728
97.03281
70.22774
19.413727
73.20793
99.78934
0.441767
62.304516
37.303955
87.44433
85.0444
21.1327
17.625217
75.83956
38.816418
85.02459
30.749043
25.980455
26.729393
26.488045
59.76836
89.31514
11.927017
39.26536
0.5030491
61.151295
58.63548
26.365862
5.021818
66.09139
84.919106
41.632862
41.6037
82.03718
59.45716
25.129232
66.14209
94.29246
55.763954
28.352182
90.18182
37.719193
80.7977
89.83687
83.89699
91.857475
61.104088
12.826662
3.215213
36.504837
96.38307
21.807264
12.835247
32.52799
2.6307564
30.407608
96.0221
33.149326
32.315933
65.30791
95.21875
33.728985
16.993685
45.319046
45.95307
69.33383
93.930336
88.752174
52.98781
30.865383
76.23312
16.58685
82.68705
64.06895
30.478182
20.499765
10.449981
12.767566
42.602592
80.87858
26.786806
31.086817
0.34708002
51.122475
43.97773
97.72763
90.68563
91.27545
34.53209
83.39539
73.90842
39.470436
76.50593
81.76098
14.50155
23.36722
50.280945
72.41518
39.060658
14.532151
24.086418
85.358475
30.687315
33.924545
7.992
76.69688
62.827557
82.81508
73.51103
33.458527
32.776756
54.19942
4.1161075
39.47319
59.46302
47.0137
52.05574
41.242157
83.92567
63.256737
47.8295
84.23549
38.123165
26.937256
77.71849
23.430775
82.89712
89.592735
7.9128914
17.012415
46.51703
52.36132
32.594612
65.51604
48.030685
59.698727
26.153093
8.287503
32.157803
98.30483
91.87054
95.28907
8.386017
24.32426
80.79475
43.719185
84.30949
18.650352
23.627733
96.54529
80.63667
62.973263
87.15984
44.278255
90.95282
25.810787
97.97895
81.75204
80.401726
3.5926785
8.877692
31.392979
54.454773
86.97602
50.3146
70.8231
27.028059
12.256462
45.72446
23.432602
70.2332
70.4107
33.72229
77.63022
3.2972786
19.510675
6.7461443
99.31393
8.411963
54.35054
36.49029
43.42206
67.7106
88.677216
11.42047
89.430954
87.69857
71.39436
96.713005
69.07288
86.394585
68.17561
62.5426
60.19728
44.570225
23.4905
78.81757
70.78177
52.731148
77.07431
75.676445
83.2374
47.926964
35.933315
68.079704
61.835327
97.46843
14.523519
13.3062
90.56693
48.014557
64.69314
31.948956
14.816986
42.506496
14.682045
21.708
67.34723
31.480356
21.52529
68.998535
82.81508
1.6082164
76.46633
63.445385
76.33026
83.7673
16.466564
53.579544
88.37753
37.400818
54.549854
31.589582
9.355908
73.979744
53.510265
29.50696
21.17621
94.46008
55.25183
89.782295
66.53706
17.692116
12.394659
48.406883
21.697975
62.175076
78.21881
71.3254
54.879135
50.7862
41.25836
14.783114
98.59076
12.153742
48.664917
49.24467
7.6746697
75.8223
17.143312
84.34049
22.555882
67.73708
56.61557
26.450783
65.27343
63.669144
4.387064
97.812904
33.791016
22.672865
77.90637
90.723755
60.501514
21.2182
4.0902596
97.97547
47.718193
77.57166
73.38445
17.6025
94.31107
52.630886
69.87345
96.41682
76.43893
97.69188
32.159267
1.0861976
15.148794
2.9890146
68.187126
64.96336
80.76541
24.449625
18.97385
28.199846
5.944881
89.816605
70.50299
68.25295
96.60255
34.993645
52.536423
76.69512
84.796326
5.239274
20.906761
34.53499
96.17255
41.434444
97.090256
26.404854
61.024216
19.764086
22.011654
48.90564
18.591522
41.502434
64.790695
56.840378
35.159496
11.23702
52.60487
85.11442
36.8964
87.15764
15.613366
57.798073
63.547047
36.270897
75.8791
65.53506
39.81439
39.657677
4.867304
55.029846
0.27687982
33.49501
62.190353
10.457553
13.919153
34.498253
12.449427
16.622753
66.53378
69.07755
9.757793
37.892418
35.183506
12.50376
56.753006
29.301691
47.84266
53.97532
72.77892
77.67901
78.68818
90.32066
82.482445
11.659563
41.177723
19.555773
2.6584263
27.380838
83.32642
81.85885
32.995354
82.35151
90.7341
9.111562
10.739143
20.302242
84.89695
24.89331
45.736176
26.082163
3.1877766
92.85176
31.739346
62.9022
19.93788
55.26544
61.56464
85.69574
70.55938
74.22561
85.3355
48.92459
15.593325
97.18884
34.59405
95.60803
92.75571
54.506702
88.09113
2.1369278
78.33571
27.770826
58.114464
80.170006
47.296143
6.263207
33.496387
39.647747
81.09806
19.453709
91.2099
7.957413
41.62487
0.33838195
9.746927
85.12203
30.225843
28.871243
95.73646
13.669505
4.463791
30.966242
71.68951
98.13756
99.01629
53.637196
80.11113
52.621983
25.643059
17.699984
13.3281555
19.554829
22.701284
26.566189
38.405704
50.946774
49.445114
58.081787
20.26914
88.209076
15.033778
11.105673
50.48511
21.965582
5.3647833
34.633266
46.68602
73.00677
34.910793
36.359024
1.8559158
9.479439
87.12208
44.80803
21.729847
73.37497
67.6722
38.349003
27.366459
99.1454
76.43918
14.270645
70.07371
59.42089
76.380394
92.63991
77.90869
31.62095
65.43853
99.94787
24.964977
35.880573
48.897537
55.844715
83.414734
24.50366
75.8791
37.700676
18.256475
61.705822
73.26216
51.47164
66.4102
75.87603
83.2229
94.918686
69.18764
57.969868
86.957985
5.618447
74.53355
89.63126
15.003514
31.457262
74.25589
41.212574
39.347435
90.874176
56.5773
14.332541
9.845203
23.480305
85.70276
54.084553
15.408796
41.816196
24.129992
15.510987
80.01822
59.071877
15.038425
77.35614
88.17354
97.51676
17.03916
2.4458013
59.442528
52.154186
54.49816
16.217432
87.56255
76.84345
37.515804
90.20789
93.97866
41.70562
23.132524
82.08433
86.43466
75.52169
37.572163
16.099249
25.71616
19.199074
73.68127
83.033875
82.7196
86.86197
58.958134
62.564735
56.73299
71.27359
28.049294
99.00888
22.327997
8.889264
39.114952
7.1153207
93.79567
72.27901
7.0684676
89.93594
38.933315
30.27816
3.7952561
80.19858
70.49585
82.51016
99.57133
21.971563
59.494408
17.547089
97.095924
28.900831
14.031206
52.28039
69.97025
49.68716
71.61427
62.723698
66.091934
7.4935913
72.55693
49.67386
20.595995
28.212938
14.333656
95.90888
76.72186
1.0936972
21.799
31.902927
52.246956
79.31765
71.57348
84.919106
96.53801
90.427536
78.69822
82.58538
48.414173
48.922062
26.426867
45.06673
49.648426
51.10118
56.23886
72.45474
15.595988
71.77394
84.79334
36.6296
53.60147
57.90881
49.666874
30.79513
83.81784
80.95063
72.81392
9.300857
66.68769
47.296143
73.26548
33.964985
61.77056
26.822306
94.0773
18.906162
63.936787
3.3090925
28.057354
81.45252
19.16513
97.02962
54.197624
80.34239
76.73316
37.907776
17.61947
63.40981
16.505589
72.96481
80.60489
17.12134
81.00992
35.38539
99.631485
53.91435
85.631
29.10526
7.0553875
21.302238
97.711784
33.61581
90.779564
85.12395
23.928875
3.3457487
62.59237
85.93683
47.00827
48.92101
25.94776
24.172009
81.060486
58.491314
86.91013
15.452091
22.026295
83.659065
81.25732
44.805397
89.16191
50.777664
52.696938
90.70862
7.3439703
36.70048
2.843336
73.46955
18.808802
12.118109
33.203976
36.523468
92.631256
59.939655
6.807527
49.889618
76.146324
3.1952925
76.55341
45.922287
83.23778
67.17172
68.8145
28.46028
37.259914
61.959156
4.4099846
85.90418
70.06962
68.079704
32.490864
68.40072
65.51744
95.9973
73.46955
19.33612
11.659563
68.41115
92.65454
21.112757
14.1609
37.289024
72.99748
17.835632
56.50375
62.07583
84.450645
16.413734
1.7721955
50.59082
2.6584263
66.03736
58.02838
40.99345
17.658768
88.16297
55.140926
21.089642
35.32457
7.990979
3.6765566
89.90806
95.62216
30.353127
71.791504
16.587635
82.78444
45.74961
3.7899923
3.1799126
39.47319
90.4212
6.704211
10.54
3.2433612
10.952598
65.669136
18.244675
61.4889
82.260155
60.152718
34.694687
48.777317
92.230286
38.059742
0.24538784
98.22514
12.601196
37.12547
91.29472
34.214832
81.97994
92.61736
98.872955
71.73881
32.473915
74.63786
37.76212
95.974396
38.41775
13.694085
44.08845
65.66326
94.67943
80.46773
56.661377
12.787765
43.54878
91.837685
79.18159
5.301086
47.301487
82.98731
98.44129
20.933723
31.353525
88.61894
35.935345
98.91286
37.03121
85.11442
76.307625
84.54077
79.852066
64.13583
88.209076
46.723362
56.458904
54.15734
1.8419472
23.462885
36.99236
74.43502
16.085512
53.69854
5.0383596
76.74575
14.6635275
48.65575
13.406731
56.36849
3.1719902
88.449165
46.58711
2.0056036
9.834586
47.95027
98.78746
65.972946
8.903481
72.29047
66.07606
65.58019
18.836609
4.494728
73.4818
16.517717
70.65879
54.695686
8.186412
45.596172
40.561928
89.31345
40.582565
57.06252
19.772715
24.116856
24.50275
28.54019
90.46788
39.47766
25.752634
28.56553
89.76545
92.3907
20.360888
71.741776
10.874943
83.89699
38.003544
91.812096
29.859373
50.703106
34.800232
16.305511
80.95854
94.21022
71.43275
83.06954
61.586292
21.802
53.026867
61.456112
2.2980227
8.720501
59.35829
69.89833
6.257035
27.631353
37.73747
42.362587
84.81285
55.662075
41.451233
3.8485653
50.381027
38.555744
13.026987
40.839867
73.53495
16.130444
98.641235
39.588913
86.92256
30.831598
86.142075
36.295322
53.681637
8.741162
12.339764
34.603966
27.747736
72.158745
10.590819
90.202446
68.21057
29.142467
52.809834
47.626324
15.743346
98.73558
91.97211
22.856333
17.621115
64.63106
72.49153
60.443645
48.263493
66.94487
9.920217
92.012344
42.116817
24.211514
58.78715
42.912483
41.77749
94.97181
96.01078
81.59347
74.3762
6.173312
0.77222764
34.183937
88.92306
62.686848
59.407066
38.208668
63.472675
67.775444
29.583448
59.303745
90.15369
82.07941
88.30452
49.820755
93.7244
39.354458
23.388325
98.4572
84.757935
61.624653
1.939638
82.51698
66.17641
6.5063243
72.336975
20.139711
70.751785
46.405052
62.98241
6.066104
85.57176
54.30287
33.458527
73.82183
32.60691
86.48077
2.9523282
78.213264
84.61135
45.629154
39.29536
88.10329
6.1652145
30.776922
11.521869
84.85991
97.07566
1.282091
16.23679
73.43501
35.263283
34.353596
6.098552
51.08234
26.419329
83.71686
77.70894
41.373013
38.26537
57.850876
11.811342
71.281906
4.572758
53.27818
69.62989
26.606623
19.859287
44.525623
64.59438
13.837948
7.8869557
81.47259
7.892876
67.51362
11.204723
90.91202
78.87359
63.396458
21.848974
92.86156
84.902954
24.07143
74.54551
51.954517
66.13889
75.292274
55.459503
24.763811
29.31874
81.72711
41.6687
26.855589
91.94205
62.239925
51.501766
72.5795
5.833691
93.22381
46.847275
90.95026
10.832443
62.753834
87.4276
24.50983
88.758194
69.78281
25.32142
47.844734
11.257065
28.59792
88.48895
73.00677
69.77043
15.71955
70.603935
82.60752
30.615137
5.730377
61.986332
64.491684
34.00765
60.018795
20.512213
85.26323
81.374596
2.8283026
10.238675
19.516653
84.1817
23.27922
96.41067
19.525702
36.860394
99.31824
20.46775
78.23901
31.29813
34.403526
96.25363
20.848366
9.564303
71.16393
21.697975
98.60804
61.257618
16.416855
41.929943
30.607786
52.203007
41.22094
72.1042
33.054325
22.631659
10.954725
53.986713
93.39495
67.5707
78.06798
61.93883
30.677723
54.655968
11.296065
66.14927
23.38221
4.353581
94.060425
65.304756
13.671918
67.60386
39.260216
23.391571
40.077106
61.019608
65.818275
65.52875
33.454025
29.348806
2.5282722
10.261627
87.97813
28.016218
27.476715
93.25116
89.879005
28.293575
89.6781
77.76535
91.387054
16.253883
57.460213
6.8906584
99.76878
37.154617
17.388388
13.502344
98.30736
61.78582
83.271034
58.114464
64.917854
37.697144
93.814606
55.87379
33.775078
45.715508
85.23708
81.31968
85.612785
53.535095
2.4832842
18.787884
87.35729
84.56538
3.665747
56.068485
36.574203
4.7780924
83.102905
74.71191
44.868782
78.568375
60.007793
2.5316556
42.448364
63.202168
3.8528879
65.83634
96.93131
17.122908
45.97726
59.69524
60.641983
84.499695
43.531445
80.46945
28.590937
10.278643
45.760548
97.51142
44.718285
14.43759
51.56269
50.603497
1.4511449
22.55815
63.51441
48.297302
46.46163
34.214832
90.80284
32.572163
5.2128477
26.782763
43.05797
62.5426
17.344707
2.2131066
92.89005
28.170816
21.76623
55.80303
78.207634
40.356796
32.388905
42.216217
45.023808
10.301241
75.33366
88.0698
14.639445
79.45491
41.358215
13.3733015
68.2256
97.31198
64.4197
19.24129
71.82644
6.9417853
30.085176
4.654041
17.901693
81.22341
3.7735996
60.8353
38.457554
24.29157
36.82445
19.028313
62.134384
60.9193
75.676025
26.969978
13.253808
12.149544
39.529354
64.38481
99.377754
80.542946
63.52359
30.38824
25.325926
20.558199
80.79755
39.882248
65.58039
34.4993
17.97551
90.79099
24.923601
75.83956
68.29873
76.00688
34.988354
6.309104
14.709247
6.7866726
32.707798
97.682945
12.208183
41.273075
71.601524
71.75038
89.488945
21.276522
83.17351
34.35427
61.289856
42.52202
36.23103
61.692986
5.193507
90.67448
25.282135
97.69051
46.216206
55.888763
49.18965
2.3053973
59.814865
26.784622
14.59003
34.36702
90.324684
21.353504
71.85266
36.008453
95.286896
50.7862
57.587383
3.7735996
46.47938
24.468569
20.915646
81.3
63.61422
59.7929
61.019608
65.11695
98.13836
70.08635
73.44087
69.62055
71.1571
72.26599
76.09604
95.34421
82.35517
36.72041
40.612034
85.055695
16.416855
98.56286
88.19532
7.691334
10.224152
22.970432
74.15197
29.451622
98.7963
13.123988
78.53992
27.05634
76.91606
39.650837
52.93598
63.39607
54.735607
43.97773
71.43882
12.142756
57.250084
72.0526
80.680984
79.57113
61.60493
44.9296
38.615467
73.52056
9.419068
53.927174
47.402824
12.2505
38.902733
99.73638
92.655716
46.690872
55.94301
71.39104
86.72101
75.6422
46.405052
35.097134
63.710056
24.068506
16.595379
45.149326
33.554176
16.813578
14.675805
94.51024
28.804325
17.547089
49.43808
0.2611774
49.467537
10.170702
68.19292
28.033138
77.6041
4.4592857
47.343517
44.976715
72.96437
88.78722
34.974113
21.351374
41.9834
49.08963
31.915304
71.21865
9.080893
74.33388
9.159017
97.28581
88.92306
35.640236
72.22334
91.219475
24.010542
4.99534
32.182976
99.749794
13.857678
26.929543
71.812386
55.322926
17.764166
24.432106
94.1472
27.1267
14.300856
35.207928
41.027145
91.57157
85.000725
12.708155
34.15217
71.75445
61.641575
21.692486
97.01161
45.578915
68.35207
20.232546
4.4729877
2.8404732
49.695187
46.665806
38.059498
71.18044
62.12546
50.90742
43.46865
83.85774
32.41959
69.27024
86.279495
59.823444
82.6835
72.468605
25.716902
10.719781
48.5987
25.129597
43.424004
65.57164
15.244967
55.27804
51.53313
69.570526
82.797676
36.37644
73.7458
5.86416
92.885574
24.221958
44.95177
92.366425
52.90983
43.159554
8.585176
36.820225
77.55233
33.472584
68.254974
92.33022
31.421215
89.56181
67.887535
49.09054
50.99424
22.737762
38.48126
34.420116
95.51044
88.429634
94.94747
27.321728
55.1808
72.59708
3.6741211
71.81019
21.663406
92.023224
56.661377
61.186428
28.236395
22.42186
57.91078
48.13823
98.89947
21.455822
9.089561
6.275198
95.58971
7.8869557
23.818361
75.82595
7.78606
17.529118
7.3207917
90.27198
34.310917
15.874487
7.7921
93.08214
45.350994
96.26205
13.011215
90.69669
0.750555
38.469635
93.31022
3.520381
2.3528485
95.96858
89.73209
91.26724
69.77485
86.43378
95.22347
97.66982
22.260538
51.62747
88.24641
78.08968
89.879005
25.4318
0.0017570736
22.750645
15.522267
14.518162
86.80284
5.9595933
57.390648
23.673876
26.27948
19.022356
15.462195
77.15296
48.47151
22.068943
73.4818
33.21902
91.1349
71.59967
69.48401
23.972698
64.85437
58.433968
38.605186
52.057533
15.433095
80.02792
85.082924
76.63187
8.364722
95.467064
31.369741
54.747948
65.18206
96.71947
13.935953
56.229702
70.36763
12.274043
85.40643
74.90031
59.35829
84.37906
42.93609
20.8703
8.507479
66.318184
83.49276
29.694765
71.46964
83.378975
18.324783
69.88094
12.984614
26.180515
18.123743
77.252144
11.616307
9.467538
86.192184
82.110756
31.16033
69.45489
35.065834
59.44549
63.556835
53.88272
43.55147
91.62899
47.100693
82.36427
91.484116
55.493286
11.747447
15.358691
51.627495
68.8508
25.352133
73.3587
18.717123
85.87931
49.711746
13.406731
84.75792
49.660236
98.93968
32.11934
16.825148
80.02792
16.219765
50.080883
36.497955
68.98986
33.31449
45.09991
65.97507
73.10651
33.120842
22.534857
52.61982
66.203926
29.821442
49.066566
86.34819
32.89422
47.055706
82.22305
78.73198
43.016937
55.95156
72.12073
76.67246
36.69746
64.12352
39.781414
79.67178
65.4454
96.89041
69.3195
11.364926
91.946175
40.444237
35.6052
77.82095
70.44294
57.65973
30.437899
33.33148
7.2450366
6.2596536
19.280033
40.12077
34.602722
10.228588
2.2319534
78.06798
95.86423
95.95376
32.832993
35.168434
13.406731
61.21355
86.70818
39.852386
27.759829
71.75445
44.956203
70.73241
81.60513
28.033138
71.5557
55.677105
50.256367
33.485966
80.04008
23.387085
32.740547
79.84288
71.65299
61.189995
16.034552
45.97726
48.574745
20.178427
21.810959
11.61892
87.99591
83.92479
50.755936
37.78786
42.116817
67.31636
29.259197
42.116817
3.0128293
37.914867
79.34457
0.49889833
57.524593
47.96234
51.697
19.66073
25.426859
42.301556
92.751
47.31782
33.65178
89.36716
97.775566
47.158833
50.356724
54.32335
19.205042
92.293976
26.27104
74.086296
18.157156
73.275154
63.307648
14.347822
2.1324112
25.944054
0.8325262
94.759995
46.413284
3.2903428
23.116713
80.04756
49.7129
32.79936
68.46447
17.163668
24.915567
46.110756
65.30791
18.650352
33.113575
5.7353287
78.35329
39.700977
81.51413
89.09921
65.4454
28.65079
55.58298
82.87324
31.92887
94.10401
97.914795
59.020203
33.756496
53.487144
84.405815
82.28423
33.513786
86.40559
27.337942
62.93247
71.24725
71.35643
36.813393
46.27034
13.08241
62.9022
9.80476
67.93051
85.34375
23.243391
96.74362
5.1552086
84.97714
67.9697
30.396519
89.49382
78.26613
49.76163
3.4733481
14.961857
8.13416
19.310974
44.869034
26.113293
26.61881
27.679531
31.051388
53.56403
33.32535
75.57042
11.015395
78.36119
28.116726
44.635662
7.7552967
60.34328
66.68674
98.30736
15.482457
59.7929
60.28719
10.291324
53.518494
20.772392
25.794737
1.6558856
32.547928
3.9608
88.89528
58.91083
72.911644
55.32686
86.850105
29.43365
69.00356
63.52597
70.14703
12.938899
40.588417
39.79559
27.22222
42.124317
13.13789
66.53706
4.426121
20.571552
65.679436
93.03365
72.28239
48.74379
55.34845
70.01929
6.439405
70.91399
74.18512
20.703358
12.796595
97.46843
94.50348
98.872955
22.433426
43.255352
62.06019
62.70152
16.285805
47.608135
26.246487
55.85883
6.222912
77.45473
18.477528
61.520584
77.98374
54.470448
85.64367
31.517494
52.86882
93.68583
88.43288
73.109795
64.05782
11.118615
77.28751
69.21018
78.57009
74.40095
76.189545
54.95136
90.6634
3.3090925
9.851254
68.85447
21.290817
87.53669
52.3428
31.502764
37.46344
74.64338
83.537224
67.97882
26.29823
0.5559389
81.3644
48.840855
17.26416
93.034935
44.748558
95.782074
19.391489
77.55158
75.68105
20.54534
76.673965
94.74938
13.861628
52.74937
96.40087
35.185623
19.101267
62.456448
78.63483
58.24326
67.47536
7.551569
1.019339
78.74734
22.177822
1.7256719
16.771313
1.5399486
14.860879
21.876186
30.31951
82.64763
60.219326
25.242558
6.928767
98.292435
62.239113
43.971523
26.520819
35.318462
95.395706
1.6312175
79.49238
44.735294
76.21554
23.595951
16.936256
6.7159166
32.54087
56.705326
64.62299
2.3179548
68.97256
78.39275
26.393646
80.41725
65.40853
46.72866
61.30991
90.34055
15.220261
60.838898
20.326588
9.668724
18.279846
88.75226
58.578823
60.701942
48.700794
78.35275
52.51307
93.94695
9.585493
71.84627
93.30915
32.859123
91.37719
9.234725
28.549984
79.264336
42.723034
41.986588
32.78465
7.698192
11.893363
83.799484
89.33561
63.71804
17.621115
1.6612322
89.70292
13.145437
42.60446
57.059574
14.505419
64.69109
26.268744
94.34424
76.98708
22.200314
97.662315
74.27176
13.6813545
94.68757
23.67436
28.4299
23.89658
35.714394
61.108887
43.890118
19.816605
56.056484
97.26054
4.1974244
7.704346
93.90221
84.39733
15.537684
0.52173597
10.749184
90.22412
59.105686
96.83745
26.606623
61.848488
61.770924
21.193842
30.234648
16.52867
32.832493
59.50799
39.75256
52.606148
36.616276
33.22156
87.42938
18.760204
32.522007
5.0298066
65.79463
25.092691
65.84881
18.84714
45.820126
89.324615
35.140533
86.49981
41.881523
87.96972
58.71343
53.00943
92.124886
61.777187
37.760525
55.776703
14.864268
97.40033
78.58323
10.459613
25.09376
64.47869
1.5964631
50.289825
27.380838
32.719444
24.937586
24.99873
8.148615
95.61885
92.706154
98.71557
48.02114
74.4233
78.331314
0.757294
54.69434
36.49576
12.533495
24.383284
62.31046
84.489044
43.23687
25.466421
74.48258
4.7780924
85.841225
9.909128
61.670532
30.482328
42.31982
48.999912
43.756218
34.570244
74.384575
9.505836
58.302525
53.298687
15.995856
92.23134
20.418686
66.96005
19.434715
83.115456
64.13989
40.39463
17.261623
36.133785
16.574062
75.33126
49.319653
94.655716
42.97156
87.44854
11.710273
80.11517
65.01211
55.21882
71.4783
7.7277646
10.497938
55.636845
45.20626
46.05193
2.892412
2.080516
79.27987
27.04024
35.642963
48.350906
1.6383805
86.7541
81.08195
59.202374
74.40274
64.89683
11.81475
84.57142
24.242697
53.424175
23.67436
95.71363
4.549229
71.86756
94.38095
12.948211
13.531945
6.8828564
73.10043
67.77471
89.88142
35.759453
12.001763
37.2667
15.418527
97.45897
27.839294
91.82628
33.795155
31.094261
32.45017
46.881977
68.418365
73.12457
60.150425
46.219486
65.0879
36.12888
40.491722
20.935354
99.853355
10.451833
52.00818
70.109
9.492169
83.08904
52.252815
33.203667
23.89658
99.22371
18.869316
90.55735
15.046579
77.895386
60.89038
53.40467
18.439848
55.760075
50.567642
40.816734
82.91586
43.859165
54.885532
4.7525206
95.12832
79.55926
0.057217818
41.774727
97.45251
7.111757
10.071677
68.03973
4.680246
87.73443
30.468992
88.44776
6.1826773
89.258675
12.630793
71.84173
91.11469
61.822594
39.594273
19.470032
13.998086
19.672316
12.380059
91.6277
80.31553
66.470505
62.56218
98.186676
16.554096
39.891094
86.36562
17.283596
12.741926
42.215866
19.717442
50.35467
21.910173
14.182817
61.824642
51.78657
6.6726775
83.65814
68.52486
52.976875
8.456161
91.7742
95.93564
5.8101053
2.5011942
67.938934
65.8378
13.559542
31.51002
51.70834
64.36286
30.88778
42.421562
44.286434
27.21028
48.10244
96.366394
1.7521682
77.904076
33.783672
48.806282
85.06809
33.287136
93.10077
16.616243
88.815994
67.73307
88.1365
88.401695
36.171497
15.557548
84.62999
29.196411
37.33901
40.52518
18.280413
69.4367
31.696661
23.210808
72.169716
74.46024
73.73125
26.715843
89.24376
35.921085
32.633057
63.614063
93.734505
53.2895
15.63509
34.068253
83.5278
97.68339
17.933708
68.8145
7.827992
57.558853
6.807527
51.31911
48.999844
79.13574
75.04438
27.941185
60.093884
81.72709
64.49638
49.566147
90.52468
33.592777
9.694345
28.143303
74.653824
55.088505
54.157135
62.62078
27.837294
29.056904
39.823784
73.11083
71.53016
42.711952
35.56308
66.564644
76.01856
93.4645
70.42112
91.56304
47.720596
84.213356
9.178592
10.629114
3.0468962
0.68247557
14.53921
23.659723
95.801414
31.680315
43.613453
55.58298
19.79933
80.46541
88.48317
61.705822
76.96032
74.41239
66.59573
22.247616
44.110596
20.069443
85.906105
28.143951
77.784485
86.900345
44.329872
68.006584
84.83641
79.30157
95.78482
81.81902
39.910904
83.65262
60.3599
42.824604
0.17706533
93.558174
63.16913
21.935919
50.629105
90.15107
55.768482
33.183132
87.72868
31.046314
19.900715
31.118698
70.94809
77.310555
20.234694
46.426266
18.686264
66.84783
61.739834
58.49003
28.477116
20.116323
98.97879
99.051926
35.83821
51.900677
50.226273
64.29258
72.438515
18.914526
99.18372
12.053358
84.9487
31.88536
96.789955
86.436455
10.416423
68.96397
54.479115
99.41521
0.9297902
85.93581
55.58629
74.371796
14.342976
88.620735
18.20337
14.44682
28.157957
49.503613
79.20354
66.32088
46.16838
35.4694
79.47352
13.625522
88.015976
25.740088
78.65792
0.23388258
26.69864
94.71799
68.935585
71.78711
29.859373
33.856037
43.376404
48.743305
75.605316
27.763704
67.96328
77.74898
13.38919
29.180836
9.30117
32.64157
35.567112
38.355476
64.76023
91.62194
73.40036
4.26765
5.8147144
89.608795
3.129439
12.446657
24.935146
41.486626
15.096251
43.954197
31.662632
89.48086
13.834014
6.091742
89.83687
70.78557
14.931277
71.538536
2.5441222
14.627631
74.05418
42.505375
56.81202
50.00571
30.531246
44.924927
91.82628
19.033693
96.52094
59.30468
6.1007977
68.62061
46.22028
47.96589
24.28736
72.84608
71.72842
3.2972786
26.246487
70.62222
68.203064
31.615532
90.61159
39.240467
22.236273
56.037907
85.823105
86.619255
58.79973
30.085176
85.40643
83.331665
62.597347
20.697868
35.025238
19.562162
43.555172
23.613861
1.4894279
66.21529
39.003975
95.54251
47.90378
84.798546
50.187153
72.74909
68.35774
3.5926785
84.614624
89.29066
91.57104
52.45914
69.63542
90.54015
34.00297
71.31355
82.05742
72.826836
94.99769
3.8900397
88.24641
36.689934
18.574886
91.551544
40.17607
57.931156
44.483162
52.33675
84.34642
29.955923
91.90295
22.630095
31.935707
73.728264
29.092567
68.47142
49.192722
10.154273
40.71422
91.220024
36.91912
18.827454
9.875373
75.50713
89.36719
25.208776
51.510944
72.59205
9.679275
7.2433157
20.893267
50.510777
3.4532783
72.41318
23.42651
32.875565
91.276505
70.64244
68.61095
10.411659
0.28240728
94.6131
58.433952
36.011494
49.40802
54.957783
1.0108373
68.39769
32.11779
6.472651
43.80002
97.733376
10.095807
7.3911433
25.372858
78.66804
16.886292
50.95898
71.49402
27.44716
30.01821
15.980212
13.561594
76.30915
49.799015
89.62265
0.87357193
94.35935
17.561356
37.410065
73.57794
66.648056
26.094343
35.558346
97.92127
89.879234
78.220535
68.73891
98.29022
54.949165
97.94403
75.14796
23.397512
13.561594
89.90806
61.9313
68.07702
99.91167
29.157122
92.61736
53.86833
98.0767
79.03197
47.935673
60.47553
97.14664
81.31968
64.90078
46.22222
18.65336
87.63165
24.754883
18.914526
35.734985
73.739624
87.73443
65.669914
66.51025
60.37447
39.084232
17.97551
83.68004
84.263596
71.33004
13.282227
61.758415
14.190134
85.358215
62.40363
81.30586
0.53963196
63.445385
99.83791
14.504668
3.0991583
35.171505
91.91093
50.197117
29.659773
51.32651
98.12563
15.505512
80.87024
55.487946
29.827581
79.14994
1.7512451
57.65973
49.24871
1.2180724
79.271324
5.206919
20.006691
90.945595
0.23921536
98.091965
0.044785433
79.58107
13.669505
17.97551
9.831093
3.3598166
15.616129
78.956635
64.92295
83.940346
75.85119
2.5391185
62.606438
5.0006943
7.696906
47.77243
31.032175
47.597294
28.85114
48.673187
40.07104
42.3712
80.08287
33.083004
31.297718
75.31573
80.49596
97.75538
20.766655
27.21249
68.48654
91.88254
48.831676
50.56353
48.771114
58.518265
8.043477
88.72111
27.627537
54.646946
73.243034
40.203957
19.205042
16.509497
90.9378
31.830618
8.040185
70.58583
48.303585
98.50415
82.37077
90.73811
3.8092818
69.51865
58.070015
77.84707
97.48397
52.042526
86.47918
26.929543
43.111687
51.391148
99.631805
83.2374
89.57301
99.07779
22.521074
89.60923
78.16442
32.385178
61.92825
56.489727
2.4202466
9.049654
73.418785
91.25235
59.393047
22.098167
70.63439
91.70364
85.33114
98.27651
82.68478
65.95029
21.348026
64.26773
82.47229
47.58328
68.47142
60.051758
98.505974
20.811464
57.987526
67.6276
36.92222
87.86082
2.7050807
95.77663
49.548077
88.91085
40.30165
57.09876
78.086494
20.04865
6.2403526
71.277245
8.401649
10.500724
25.80678
13.013328
36.056164
20.262018
1.3056604
18.22929
52.177242
57.633415
76.72489
74.946785
52.017673
60.427826
14.743158
23.804024
31.18143
95.88443
83.95573
33.94508
5.473495
34.81947
16.387018
70.86425
76.49791
27.316235
51.37502
57.620773
25.282135
6.4535604
29.43365
90.64957
29.815935
92.60911
37.250675
28.514257
59.42689
58.970985
48.098976
40.985283
53.251545
83.79314
14.891498
88.49005
37.57412
83.982895
52.73885
10.501474
53.887657
43.153473
18.270685
15.003514
83.02352
28.206253
31.287035
4.0581365
26.375452
4.1923656
67.37623
43.58084
61.1513
5.4771895
67.67672
52.27207
49.917866
79.242935
31.56393
14.91437
0.6560177
14.883458
92.34098
72.91202
38.319
58.851627
74.78922
28.414309
67.24555
99.72687
20.14313
44.512905
21.011492
95.637024
83.08904
1.9053432
20.372375
36.205723
42.672142
47.285122
0.9046671
30.417246
47.80645
66.04536
56.577595
69.87001
55.47826
25.152473
72.54115
53.637196
86.72101
28.691513
48.516975
47.24434
11.329238
54.041485
26.001102
21.908796
65.57164
8.862544
84.84556
18.80855
34.693687
5.1595964
30.581964
0.5337542
70.41225
55.58629
16.677713
11.191041
38.76916
23.841385
25.02285
31.877903
74.907455
86.51344
60.332848
47.809082
6.599384
64.03122
58.588398
54.702126
25.071114
92.65885
13.040876
42.629215
81.46556
16.256512
7.460333
71.25829
5.305874
70.57357
9.430649
51.21646
90.1787
69.6684
97.35716
59.51074
83.659065
33.64054
62.624886
22.451193
1.8740182
67.31187
21.154123
78.46963
55.885708
12.022085
72.8847
55.53423
27.62144
61.81029
42.528744
40.878525
88.209435
80.88556
23.595951
88.10135
10.965754
66.40178
74.946785
59.165604
93.50952
54.018497
59.299458
45.86069
6.6858873
11.146104
81.74773
97.30669
51.84391
34.72831
28.846136
96.41104
57.603672
16.115019
92.3473
0.6512274
50.330093
13.435856
89.26725
54.69434
63.045708
60.65509
88.64102
16.405659
49.802277
93.62314
72.468605
80.828354
49.51026
21.386278
86.84528
64.96146
2.031982
1.5081445
26.24485
84.37488
19.307875
17.91574
7.2119555
85.40478
30.775177
57.125637
17.012804
73.97178
50.641777
64.977425
73.50802
3.65532
89.42061
78.4304
4.020058
76.30661
43.14973
92.74828
16.268938
91.76142
61.318268
51.25693
49.349987
69.15342
52.52025
26.629179
99.51932
24.929974
80.459755
95.6304
98.71724
67.96328
23.987526
19.567291
7.5400324
52.070038
86.20558
75.00365
15.560746
69.717
10.291324
88.76387
86.3586
31.4501
80.33703
17.205744
9.545602
29.928837
42.390316
60.29215
60.603897
51.357185
79.138115
63.044502
1.7890948
6.236361
48.145992
41.696804
97.96577
74.90859
29.558197
44.21159
38.524433
45.164764
28.45781
49.02216
83.2803
97.568886
23.439354
85.05708
80.25765
31.356363
34.41884
26.622658
17.283596
73.18585
33.911037
57.99525
69.15639
7.0470295
57.405003
69.30994
37.30894
13.998086
47.97674
77.95001
57.10189
10.095807
7.2716603
38.237213
82.11341
29.831097
26.573215
28.218697
34.36701
94.77588
31.428339
38.342407
15.795333
14.471653
36.467133
88.49005
8.650234
6.113815
54.561844
54.70286
11.656489
65.39109
20.654646
33.923367
37.79084
36.911755
70.144
18.639835
99.034485
88.06734
15.845583
79.17201
70.887276
1.1832136
86.56433
89.6781
51.144123
50.912655
38.79399
36.118393
92.797195
38.784767
41.83
82.84249
7.479037
99.79106
55.34845
57.687176
69.12332
54.098377
82.163185
12.515342
53.853138
75.26573
17.08955
3.712657
86.95517
99.76479
10.322693
14.938257
30.862988
53.207222
91.50107
34.275845
43.58084
18.933966
54.18729
15.282138
44.33163
57.906143
13.235762
55.593884
79.59924
18.112677
33.092316
90.51895
21.815199
78.790565
37.637077
69.95863
27.882338
82.455925
24.387665
24.983358
15.146554
1.5964212
18.097948
49.253315
59.720764
36.782852
44.946552
98.864815
71.50055
70.35469
80.23741
68.58929
52.47099
84.23778
25.327667
54.949165
4.174629
47.00097
40.558964
27.829287
68.61701
29.34371
1.3883951
94.97873
79.28054
66.76614
33.100967
86.750404
93.77478
34.65431
21.522638
53.22887
62.9022
81.22341
49.18965
79.59046
84.3708
73.749535
95.91564
90.56693
97.51534
9.408455
39.65843
60.0334
41.392494
20.85191
59.216976
75.27165
98.838104
62.10033
91.50128
95.245766
63.77263
26.188303
71.81909
91.20215
48.64093
25.770998
79.09825
33.10751
22.552742
56.866028
57.33242
89.37105
83.4182
78.19224
51.390892
80.80854
95.28932
51.012505
55.99815
15.478741
46.79384
51.539787
54.649635
29.079752
74.09198
20.40048
16.594479
95.21621
57.032467
99.89118
17.275846
73.289665
40.53409
27.712265
88.97683
11.840843
96.71907
67.48531
27.607975
81.200356
59.68218
92.96503
44.019188
52.895756
11.897555
78.80553
86.53229
47.33167
6.154848
20.180658
43.866177
35.717175
75.18259
1.041514
11.189837
84.60201
27.683203
67.44503
97.65391
23.914461
75.066414
4.0248885
9.432049
86.00985
74.24568
31.209036
77.07226
20.473082
23.04206
61.784283
4.724107
21.2182
68.66346
49.820755
39.480396
19.309477
31.796932
13.758819
39.626778
48.474743
64.36286
82.98305
61.90941
84.5011
85.62122
97.4018
7.45476
2.3989003
4.2440457
88.978355
80.71265
16.750246
70.8798
8.331862
65.00353
40.40432
62.331287
47.33091
18.858532
52.287994
70.51781
44.685253
1.0853617
73.45792
96.98282
57.871407
7.149281
58.795025
93.2076
75.399
14.376695
50.987495
12.496742
71.32141
29.407726
0.3263176
49.82555
51.330788
19.398214
55.451923
92.22857
17.767786
73.07236
65.527115
3.0949314
32.103558
39.22601
17.433346
93.98901
49.104412
40.93607
84.88594
99.077194
92.406136
72.42429
50.003815
2.9675992
23.096363
80.94955
69.27602
18.226282
71.8765
24.174488
54.05515
12.342989
80.00191
82.999435
47.201736
33.24287
0.21283112
91.02433
70.399185
68.006584
15.307308
18.398268
63.202168
90.80284
61.57415
12.146472
73.993484
53.973602
19.133846
33.46872
85.51623
11.834154
20.63813
54.288296
70.42196
64.09318
19.814793
24.451136
36.952652
99.59526
78.87987
69.42001
83.95591
34.287983
82.4433
87.90967
91.768265
87.37893
9.100146
98.309044
56.088776
31.243956
81.91423
59.020203
7.627358
13.307284
68.596306
63.955475
68.50453
44.719467
29.928837
44.062885
90.9797
84.04286
59.84446
62.526615
27.84279
26.12482
81.86726
54.008694
49.869305
55.698902
13.352621
89.71861
81.74771
96.04809
50.80452
71.791504
17.36652
85.14983
85.24219
4.265862
71.72629
59.398598
11.395453
40.432034
83.17351
0.48407573
41.32403
45.796535
91.56011
68.96821
25.273005
63.61422
96.61757
54.256462
45.989674
56.253788
86.15864
6.1551585
80.377785
70.25485
89.90404
46.021614
13.607734
34.107933
75.43937
78.32263
29.343864
20.941435
10.097706
13.1317215
76.85046
81.75983
60.92937
8.976496
0.08664046
78.207634
28.56651
77.97993
80.66678
43.391613
16.054073
56.50375
70.107086
63.316376
94.8553
48.99595
10.432506
50.629105
84.825294
66.097435
99.67835
0.9831508
13.73049
78.16138
82.57145
55.76032
97.554474
47.539074
1.7588046
90.24909
74.32024
72.91948
27.643024
66.34524
30.752626
3.6578043
81.588005
7.4867105
80.809265
63.657642
4.153727
74.65786
71.44521
87.29762
24.576508
88.96695
66.96005
93.98735
37.056244
98.039925
4.174629
89.507355
11.429752
11.501969
61.329292
87.34928
67.31187
22.150387
88.53658
55.58704
98.71321
57.88345
72.83553
75.55623
2.746807
45.570435
31.287943
42.954525
22.290077
43.977955
30.604603
49.06377
25.52898
43.510773
59.216976
48.908466
91.97636
14.389922
50.309242
23.601107
52.264523
73.33224
80.77623
49.637703
73.607605
21.828554
57.518215
32.51487
90.589676
42.39593
8.355438
76.95853
88.27613
43.082687
21.615694
53.53311
42.44495
63.852222
68.25792
6.671487
18.20337
35.011494
34.944942
19.7129
21.308758
91.38941
35.493935
82.860825
31.49834
10.480698
4.0423703
30.56972
15.150292
22.677279
95.37082
10.238658
58.342842
80.37762
19.835459
78.86446
66.63187
75.9036
67.977516
58.36539
15.771722
60.47474
96.84892
91.484604
73.544685
79.13574
24.47887
84.12901
95.35424
71.48842
32.255703
14.925997
25.242558
32.65997
79.64994
41.140377
56.916805
32.21497
62.648285
50.00872
94.459366
26.300749
22.76358
25.105337
35.37394
62.471073
93.78772
24.997402
36.50142
92.35249
12.143548
53.49894
30.660473
85.84159
43.901943
5.4894524
73.19423
60.22074
84.78741
98.9845
75.76876
62.174973
54.1223
55.823574
60.141758
8.857976
29.707304
42.867275
13.40646
47.839176
33.506336
73.492714
69.200066
50.923725
34.681416
12.826662
51.02401
34.198715
72.27859
49.3612
12.1708145
8.011579
88.90654
9.099404
46.852074
84.97106
33.783447
39.46272
59.74233
85.06736
19.858501
36.097675
46.747623
94.87809
31.563286
72.615875
3.0669558
41.51801
62.81095
79.74102
91.35779
47.275803
40.390347
76.91898
46.599953
64.45717
18.69519
4.169904
90.37435
92.49133
64.40661
38.013058
4.174629
68.27653
83.00995
71.3643
39.432945
23.91072
40.44224
94.52747
66.99252
96.92029
67.122154
60.50773
60.224632
66.58221
2.7997181
44.309055
88.78456
16.56183
41.195274
97.76667
26.953253
61.973824
43.53567
91.589264
62.723698
51.53313
49.392735
98.923416
78.08021
33.466618
77.89746
49.677876
90.30884
17.420519
55.38677
34.633266
51.477787
49.853004
40.07353
89.83718
36.69746
9.229516
14.349997
19.79933
77.20473
65.69413
79.15147
18.114107
23.929914
78.74739
72.49578
26.849094
6.3180943
88.16367
1.7935629
35.29995
7.5412455
10.119582
60.50435
61.305172
99.50476
8.36991
33.642735
5.455956
35.233128
36.805008
34.259247
93.797226
58.138535
7.288339
65.77702
69.42575
3.490324
24.612406
21.810959
39.807274
38.48126
38.003544
50.35914
62.570263
3.3662708
71.538536
77.250084
86.69742
53.014954
81.64358
17.71554
70.55938
19.24129
18.696102
62.81783
26.785843
40.533478
95.12968
57.33344
19.243238
17.930752
15.133544
65.97737
51.46251
41.161655
37.078842
42.09
66.07799
22.403957
64.320816
11.917382
10.327355
10.723171
47.3792
43.155075
46.72957
67.01916
14.354015
33.62094
24.585234
80.82067
86.45012
69.10007
72.133484
60.536743
70.26748
17.828342
0.25855866
97.76604
64.02882
57.277924
51.193634
33.2625
58.614075
45.067245
83.76717
7.6014495
59.642094
15.293846
99.65953
67.26128
63.644646
25.715473
97.9724
86.77207
1.0944021
47.41248
81.93564
35.555054
86.28461
17.783482
39.05673
42.627926
26.350069
51.400364
15.016626
7.7245984
20.034222
96.9723
31.084389
10.658888
77.58327
79.68563
54.32335
7.0684676
41.743996
58.342674
15.482838
89.50674
69.17849
0.4799973
18.858532
56.57918
43.1952
6.149591
44.191086
98.78444
2.3618531
94.822464
16.764416
65.23037
0.6141901
69.200066
99.97903
81.310074
64.95225
74.12843
76.65836
32.733017
16.686754
23.720865
89.98538
96.29214
76.673546
89.96794
23.825214
57.417835
22.196894
77.577805
43.576805
47.613052
98.345085
60.9112
8.896433
40.073963
29.543457
74.73839
80.624794
76.97084
18.130152
53.717194
23.100378
47.453003
79.45369
1.1686596
45.210083
73.18268
35.58704
44.913048
7.239803
90.795845
72.248695
42.564045
7.1581755
51.35543
43.536922
96.93198
42.737545
47.574707
39.316536
32.157803
77.78856
37.75202
10.365367
94.813965
64.3895
1.3774557
14.000007
51.28338
39.73192
6.122668
53.053776
36.351383
8.627908
77.57232
59.106045
1.1655475
70.91399
16.094345
24.3494
25.329168
5.345318
31.717247
14.364303
0.014357908
56.86878
42.04543
80.74484
96.98994
90.88925
47.61638
20.348076
2.427236
12.380059
74.09295
29.33372
31.006027
93.03365
71.15459
87.802864
18.204277
56.663902
44.67332
28.479708
13.59238
53.267044
94.610435
95.82507
98.57306
85.73061
43.4461
28.317684
65.84139
67.36344
8.026979
33.676636
81.634094
49.56141
13.647069
65.32386
98.76748
58.219807
89.64307
21.984129
63.122025
98.58333
53.54662
28.784904
54.776676
11.877012
17.541061
20.89721
73.89042
24.95053
49.660236
88.255394
26.11619
51.116997
50.16786
62.50948
73.854904
39.162727
42.46106
19.655518
41.337715
97.3774
43.221554
13.978491
28.154032
75.43828
98.935745
36.497616
5.6130357
69.10576
51.976135
16.642248
95.75063
56.80924
33.785065
85.51922
12.733131
99.09531
49.143562
88.62276
90.35324
33.2354
95.53505
34.498253
67.15456
75.73502
46.06164
27.982649
96.583374
75.399
47.86104
24.772907
77.3362
58.578823
35.64675
6.969948
85.71954
6.188404
6.7658124
59.0108
88.022255
43.157646
67.50295
31.364592
53.763966
96.12165
42.60749
72.97168
49.907784
21.459595
9.782557
55.456787
55.512024
56.251854
39.260216
1.3286213
68.2306
75.60096
15.138623
61.760063
31.039408
7.4657273
53.938713
75.22193
7.6009774
98.86363
20.512213
48.908466
52.67344
17.581827
81.67157
26.154373
76.04964
34.555676
86.57158
91.36729
19.400663
53.83874
68.31377
88.187294
13.529327
0.10451188
27.835426
53.82125
55.888763
34.59774
46.024277
82.36015
25.022806
7.2762337
11.851117
92.19521
56.489647
87.78329
24.689386
12.847957
21.092178
23.374414
64.40865
30.633831
81.910995
9.448532
67.2397
95.074265
52.86771
77.84813
36.92222
42.479916
2.1652777
29.14088
40.968666
18.245739
75.99948
96.673965
3.8092818
20.018173
6.4504952
20.228912
88.82392
67.508125
96.85637
17.51874
75.81638
37.046352
91.647484
99.73358
33.55097
36.99883
93.78206
74.50484
10.118399
99.237076
58.562023
21.108896
75.40736
30.940107
81.85455
27.679281
32.984776
28.208874
61.15022
94.24706
81.49096
24.207752
82.150604
54.622852
39.454865
17.728956
94.10072
53.261192
71.71668
61.456112
86.83367
51.071186
79.622826
61.561604
63.996216
82.691986
86.10991
38.64011
6.7866726
13.964076
69.41938
32.08632
53.45735
50.119587
54.64692
22.640074
82.583595
42.343693
58.011314
80.32345
55.419075
97.589966
79.87615
46.671654
92.5658
4.0072203
52.525856
65.87154
76.6857
76.243744
85.02459
53.76246
39.717274
70.62103
76.380394
78.12094
37.6624
30.646559
97.07932
88.41449
95.11803
77.43229
30.38381
37.36936
14.212829
59.055313
75.14057
3.6197321
80.59963
20.924469
1.3288648
79.66173
7.341814
24.119413
48.52946
25.129232
23.03188
81.02143
93.94984
35.962593
41.041927
46.22739
87.16119
75.049484
98.9978
81.970924
23.59249
44.01325
54.986362
1.0260863
72.20936
37.875656
7.8112316
67.99033
3.56724
12.587525
74.87759
21.009014
73.47685
63.37822
47.931076
6.928767
73.89428
40.432034
85.008415
72.941826
73.789116
79.22792
46.736435
96.148224
43.798626
30.262737
11.746761
5.8263454
61.51764
64.98215
59.31357
17.03916
94.21022
30.110758
65.59465
23.136549
33.69282
8.146348
92.13715
0.6055118
76.37349
77.711464
9.517641
85.55163
94.151505
83.537224
23.368143
40.794655
24.37933
44.482746
31.371069
63.721775
79.393654
37.130615
80.49596
56.76139
91.57104
59.167454
70.41956
45.927074
88.10329
51.156075
21.803131
67.71791
97.501495
4.6734157
15.199612
76.217636
32.594612
4.27529
29.505108
35.43427
95.614746
96.50492
60.489063
27.375704
57.123547
65.3679
87.68511
29.947195
54.768173
63.70166
1.5823448
80.74709
95.918915
53.33395
79.86446
49.797894
92.39115
6.3384376
97.756424
3.5524898
67.62328
74.478836
1.5280578
73.116615
77.296555
90.671745
60.812817
51.29264
73.6088
56.76139
69.93908
7.158407
69.910576
70.258354
59.154602
13.632786
56.236298
71.31592
54.116756
24.509241
93.03588
21.072744
31.43194
86.98379
82.96963
89.25577
85.71954
76.572685
17.271776
75.86283
51.192997
81.01275
64.53464
26.200726
7.5443935
61.628063
6.2468286
92.25884
99.635735
73.847916
4.445325
25.364496
63.11696
13.435492
12.7525425
60.243885
81.31684
42.391167
33.31991
88.1365
50.89109
93.971306
25.115303
39.588913
35.110596
98.79332
40.40931
12.047513
90.50815
14.343387
55.68759
47.68169
6.7658124
13.514727
41.079502
4.373814
29.026764
48.2028
65.76045
0.56529665
33.964252
22.77533
47.25094
30.202528
27.485943
19.172857
47.809082
66.175766
75.605316
29.339079
40.794655
40.05108
17.842852
73.796936
29.93698
28.41907
96.97902
42.276196
13.021205
13.511037
24.26709
17.935339
69.202934
40.427254
42.895756
39.276688
91.03363
74.35394
19.294704
69.40697
1.0589795
90.83803
97.06736
78.18734
61.87637
70.107086
85.55163
26.385868
90.15107
23.333872
52.91444
24.768824
2.901499
11.573336
3.9811065
83.59329
67.759384
38.72996
97.05281
54.72565
65.65186
72.46903
86.45294
85.80648
19.24659
78.05332
42.894016
32.99716
99.74792
12.703327
48.043697
97.829994
66.14221
98.4705
80.78131
57.91099
75.41211
37.396957
83.92567
99.75813
8.805702
0.5239505
49.220192
67.06573
63.657642
49.595535
28.30867
92.22869
3.336859
90.26558
99.202354
48.676476
81.792496
22.522982
80.30241
27.815018
91.574394
22.863201
16.389206
82.98731
54.286137
40.852337
9.728106
68.866066
56.85151
38.013058
52.59697
9.380948
94.822464
29.334429
17.625818
46.969166
87.71624
12.285385
78.053856
44.916836
93.894295
27.429337
56.95664
37.57933
26.214855
75.286934
53.17371
65.0715
70.46748
79.565094
33.600533
24.591175
21.305338
22.98691
3.7301219
17.044413
45.443443
32.99837
22.832031
16.505445
91.98668